- analytical_result_imag: -1.0244887725916831e-12
  analytical_result_real: 4.03555168296597e-12
  constant_deformation:
    alpha:
    - &id001 [0.0, 0.0, 0.0, 1.0]
    - *id001
    - *id001
    - *id001
    beta:
    - &id002 [0.0, 0.0, 0.0, 0.0]
    - *id002
    - *id002
    - *id002
  external_kinematics:
  - [2.50924901185771, 0.0, 0.0, 2.30137580666628]
  - [2.55075098814229, 0.0, 0.0, -2.30137580666628]
  - [-2.50529644268775, -0.487890866972676, -1.95654973685581, 0.877716295210478]
  - [-2.5547035573122505, 0.487890866972676, 1.95654973685581, -0.877716295210478]
  fixed_deformation:
  - deformation_per_overlap:
    - deformation_sources:
      - [0.0, 0.0, 0.0, -2.30137580666628]
      - [0.0, 0.0, 0.0, 2.30137580666628]
      - [0.0, 0.007568645265469357, 0.025232748428183342, 0.041851439732558844]
      - [0.0, 0.003785990080915582, 0.013191084040675803, 0.020906866851229448]
      excluded_surface_ids:
      - - - [0, 2]
          - 1
          - -1
        - - [1, 0]
          - 1
          - 1
        - - [3, 0]
          - 1
          - -1
        - - [5, 0]
          - 1
          - -1
        - - [6, 1]
          - 1
          - -1
      - - - [2, 1]
          - 1
          - 1
        - - [3, 0]
          - 1
          - -1
        - - [5, 0]
          - 1
          - -1
        - - [6, 1]
          - 1
          - -1
      - - - [2, 0]
          - 1
          - -1
        - - [3, 0]
          - 1
          - 1
        - - [5, 0]
          - 1
          - 1
        - - [6, 1]
          - 1
          - 1
      - - - [0, 0]
          - 1
          - 1
        - - [1, 0]
          - 1
          - -1
        - - [3, 0]
          - 1
          - 1
        - - [5, 0]
          - 1
          - 1
        - - [6, 1]
          - 1
          - 1
      overlap: [0, 1, 2, 3, 4, 5, 6, 7, 8, 9, 10, 11, 12, 13, 14, 15, 16, 17, 18,
        19, 20, 21, 22, 23, 24, 25, 26, 27]
      radius: 0.12236623433547973
    excluded_propagators:
    - [0, 1]
    - [1, 0]
  - deformation_per_overlap:
    - deformation_sources:
      - [0.0, 0.0, 0.0, -2.30137580666628]
      - [0.0, 0.0, 0.0, 0.0]
      - [0.0, 4.4318728995068707e-14, 1.931166457604543e-13, -6.121822083529717e-14]
      - [0.0, -1.91406648825748e-14, 2.9637991792949277e-13, -3.951871803029238e-15]
      excluded_surface_ids:
      - - - [0, 2]
          - 1
          - -1
        - - [1, 0]
          - 1
          - 1
        - - [3, 0]
          - 1
          - -1
        - - [5, 0]
          - 1
          - -1
        - - [6, 1]
          - 1
          - -1
      - - - [0, 0]
          - 1
          - 1
        - - [1, 0]
          - 1
          - -1
        - - [3, 0]
          - 1
          - 1
        - - [5, 0]
          - 1
          - 1
        - - [6, 1]
          - 1
          - 1
      overlap: [0, 1, 2, 3, 4, 5, 6, 7, 8, 9, 10, 11, 12, 13, 14, 15, 16, 17, 18,
        19, 20, 21, 22, 23, 24, 25, 26, 27, 28, 29]
      radius: 0.10393660259555909
    excluded_propagators:
    - [0, 1]
    - [2, 0]
  - deformation_per_overlap:
    - deformation_sources:
      - [0.0, 0.0, 0.0, 0.0]
      - [0.0, 0.0, 0.0, 0.0]
      - [0.0, 1.0036494839449669e-13, 3.1950741033113197e-13, -2.15538186745466e-13]
      - [0.0, 2.080640024510503e-13, 5.458071405005022e-13, -4.0524249569759284e-13]
      excluded_surface_ids: []
      overlap: [0, 1, 2, 3, 4, 5, 6, 7, 8, 9, 10, 11, 12, 13, 14, 15, 16, 17, 18,
        19, 20, 21, 22, 23, 24, 25, 26, 27, 28, 29, 30, 31]
      radius: 0.10393660259485163
    excluded_propagators:
    - [0, 0]
    - [1, 0]
  - deformation_per_overlap:
    - deformation_sources:
      - [0.0, 0.0, 0.0, 0.0]
      - [0.0, 0.0, 0.0, 0.0]
      - [0.0, 1.0036494839449669e-13, 3.1950741033113197e-13, -2.15538186745466e-13]
      - [0.0, 2.080640024510503e-13, 5.458071405005022e-13, -4.0524249569759284e-13]
      excluded_surface_ids: []
      overlap: [0, 1, 2, 3, 4, 5, 6, 7, 8, 9, 10, 11, 12, 13, 14, 15, 16, 17, 18,
        19, 20, 21, 22, 23, 24, 25, 26, 27, 28, 29, 30, 31]
      radius: 0.10393660259485163
    excluded_propagators:
    - [0, 0]
    - [2, 0]
  - deformation_per_overlap:
    - deformation_sources:
      - [0.0, 0.0, 0.0, 0.0]
      - [0.0, 0.0, 0.0, 0.0]
      - [0.0, 1.0036494839449669e-13, 3.1950741033113197e-13, -2.15538186745466e-13]
      - [0.0, 2.080640024510503e-13, 5.458071405005022e-13, -4.0524249569759284e-13]
      excluded_surface_ids: []
      overlap: [0, 1, 2, 3, 4, 5, 6, 7, 8, 9, 10, 11, 12, 13, 14, 15, 16, 17, 18,
        19, 20, 21, 22, 23, 24, 25, 26, 27, 28, 29, 30, 31]
      radius: 0.10393660259485163
    excluded_propagators:
    - [0, 0]
    - [2, 1]
  - deformation_per_overlap:
    - deformation_sources:
      - [0.0, 0.0, 0.0, 0.0]
      - [0.0, 0.0, 0.0, 0.0]
      - [0.0, 1.0036494839449669e-13, 3.1950741033113197e-13, -2.15538186745466e-13]
      - [0.0, 2.080640024510503e-13, 5.458071405005022e-13, -4.0524249569759284e-13]
      excluded_surface_ids: []
      overlap: [0, 1, 2, 3, 4, 5, 6, 7, 8, 9, 10, 11, 12, 13, 14, 15, 16, 17, 18,
        19, 20, 21, 22, 23, 24, 25, 26, 27, 28, 29, 30, 31]
      radius: 0.10393660259485163
    excluded_propagators:
    - [0, 2]
    - [1, 0]
  - deformation_per_overlap:
    - deformation_sources:
      - [0.0, 0.0, 0.0, -2.30137580666628]
      - [0.0, 0.001529998350874124, 0.006046666390004958, 0.04089698775829578]
      - [0.0, 0.0010202592326387623, 0.0040640081010095575, 0.027766801495829777]
      - [0.0, 0.0005097428152906095, 0.002046767449536698, 0.013120345329562105]
      excluded_surface_ids:
      - - - [0, 2]
          - 1
          - -1
        - - [1, 0]
          - 1
          - 1
        - - [3, 0]
          - 1
          - -1
        - - [5, 0]
          - 1
          - -1
        - - [6, 1]
          - 1
          - -1
      - - - [0, 0]
          - 1
          - 1
        - - [1, 0]
          - 1
          - -1
        - - [3, 0]
          - 1
          - 1
        - - [5, 0]
          - 1
          - 1
        - - [6, 1]
          - 1
          - 1
      overlap: [0, 1, 2, 3, 4, 5, 6, 7, 8, 9, 10, 11, 12, 13, 14, 15, 16, 17, 18,
        19, 20, 21, 22, 23, 24, 25, 26, 27, 28, 29]
      radius: 0.11689482906838995
    excluded_propagators:
    - [0, 1]
  - deformation_per_overlap:
    - deformation_sources:
      - [0.0, -2.2264748727727196e-18, -1.5422610414767397e-18, -0.04152649891088812]
      - [0.0, -5.1248109222152e-18, 8.062533036810502e-18, 0.014464284185740927]
      - [0.0, 0.0, 0.0, 0.0]
      - [0.0, -3.924416597790181e-11, -3.458709489733164e-11, 3.059210460091141e-11]
      excluded_surface_ids: []
      overlap: [0, 1, 2, 3, 4, 5, 6, 7, 8, 9, 10, 11, 12, 13, 14, 15, 16, 17, 18,
        19, 20, 21, 22, 23, 24, 25, 26, 27, 28, 29, 30, 31]
      radius: 0.10393660264325949
    excluded_propagators:
    - [4, 0]
  - deformation_per_overlap:
    - deformation_sources:
      - [0.0, -0.0015300091319991912, -0.006046746370305849, -0.04089700330253323]
      - [0.0, 0.0010202647573677973, 0.00406406292405157, 0.027766811262133616]
      - [0.0, 0.0005097427134435873, 0.0020467969563461997, 0.013120355551098601]
      - [0.0, 0.487890866972676, 1.95654973685581, -0.877716295210478]
      excluded_surface_ids:
      - - - [0, 1]
          - 1
          - 1
        - - [1, 0]
          - 1
          - -1
        - - [3, 0]
          - 1
          - 1
        - - [5, 0]
          - 1
          - 1
        - - [6, 2]
          - 1
          - 1
      - - - [0, 1]
          - 1
          - -1
        - - [1, 0]
          - 1
          - 1
        - - [3, 0]
          - 1
          - -1
        - - [5, 0]
          - 1
          - -1
        - - [6, 0]
          - 1
          - -1
      overlap: [0, 1, 2, 3, 4, 5, 6, 7, 8, 9, 10, 11, 12, 13, 14, 15, 16, 17, 18,
        19, 20, 21, 22, 23, 24, 25, 26, 27, 28, 29]
      radius: 0.11689482821976928
    excluded_propagators:
    - [6, 1]
  - deformation_per_overlap:
    - deformation_sources:
      - [0.0, 4.9649841141244115e-12, 3.3772474178099427e-12, -0.037174842715893365]
      - [0.0, 1.0893973285509263e-11, 1.4095445885929837e-11, 0.025241434099984795]
      - [0.0, 1.0747421229740519e-11, 9.503062139289802e-12, 0.011933408486528187]
      - [0.0, 0.0, 0.0, 0.0]
      excluded_surface_ids: []
      overlap: [0, 1, 2, 3, 4, 5, 6, 7, 8, 9, 10, 11, 12, 13, 14, 15, 16, 17, 18,
        19, 20, 21, 22, 23, 24, 25, 26, 27, 28, 29, 30, 31]
      radius: 0.11587001081708984
    excluded_propagators:
    - [6, 2]
  - deformation_per_overlap:
    - deformation_sources:
      - [0.0, 0.0, 0.0, -2.30137580666628]
      - [0.0, 0.0, 0.0, 0.0]
      - [0.0, 4.4318728995068707e-14, 1.931166457604543e-13, -6.121822083529717e-14]
      - [0.0, -1.91406648825748e-14, 2.9637991792949277e-13, -3.951871803029238e-15]
      excluded_surface_ids:
      - - - [0, 2]
          - 1
          - -1
        - - [1, 0]
          - 1
          - 1
        - - [3, 0]
          - 1
          - -1
        - - [5, 0]
          - 1
          - -1
        - - [6, 1]
          - 1
          - -1
      - - - [0, 0]
          - 1
          - 1
        - - [1, 0]
          - 1
          - -1
        - - [3, 0]
          - 1
          - 1
        - - [5, 0]
          - 1
          - 1
        - - [6, 1]
          - 1
          - 1
      overlap: [0, 1, 2, 3, 4, 5, 6, 7, 8, 9, 10, 11, 12, 13, 14, 15, 16, 17, 18,
        19, 20, 21, 22, 23, 24, 25, 26, 27, 28, 29]
      radius: 0.10393660259555909
    excluded_propagators:
    - [0, 1]
    - [2, 1]
  - deformation_per_overlap:
    - deformation_sources:
      - [0.0, 2.2577424647433456e-18, -1.5490704417081169e-18, -0.02735067773961857]
      - [0.0, 0.0, 0.0, 0.0]
      - [0.0, 9.715891158223557e-10, 3.8178285709853e-09, -1.7071159105807385e-09]
      - [0.0, 2.271666467109024e-09, 1.0354354889002738e-08, -4.335965953240537e-09]
      excluded_surface_ids: []
      overlap: [0, 1, 2, 3, 4, 5, 6, 7, 8, 9, 10, 11, 12, 13, 14, 15, 16, 17, 18,
        19, 20, 21, 22, 23, 24, 25, 26, 27, 28, 29, 30, 31]
      radius: 0.10393659196076636
    excluded_propagators:
    - [2, 0]
  - deformation_per_overlap:
    - deformation_sources:
      - [0.0, 0.0, 0.0, 0.0]
      - [0.0, 9.36096749826826e-13, 3.942589384003315e-12, -1.7460745213385933e-12]
      - [0.0, 2.4271816497901905e-12, 1.047500173182511e-11, -4.7257700496447215e-12]
      - [0.0, 4.6516030444332944e-12, 2.2433375732129095e-11, -9.867848666224703e-12]
      excluded_surface_ids: []
      overlap: [0, 1, 2, 3, 4, 5, 6, 7, 8, 9, 10, 11, 12, 13, 14, 15, 16, 17, 18,
        19, 20, 21, 22, 23, 24, 25, 26, 27, 28, 29, 30, 31]
      radius: 0.10393660256585974
    excluded_propagators:
    - [0, 0]
  - deformation_per_overlap:
    - deformation_sources:
      - [0.0, -2.2264748727727196e-18, -1.5422610414767397e-18, -0.04152649891088812]
      - [0.0, -5.1248109222152e-18, 8.062533036810502e-18, 0.014464284185740927]
      - [0.0, 0.0, 0.0, 0.0]
      - [0.0, -3.924416597790181e-11, -3.458709489733164e-11, 3.059210460091141e-11]
      excluded_surface_ids: []
      overlap: [0, 1, 2, 3, 4, 5, 6, 7, 8, 9, 10, 11, 12, 13, 14, 15, 16, 17, 18,
        19, 20, 21, 22, 23, 24, 25, 26, 27, 28, 29, 30, 31]
      radius: 0.10393660264325949
    excluded_propagators:
    - [4, 1]
  - deformation_per_overlap:
    - deformation_sources:
      - [0.0, 4.9649841141244115e-12, 3.3772474178099427e-12, -0.037174842715893365]
      - [0.0, 1.0893973285509263e-11, 1.4095445885929837e-11, 0.025241434099984795]
      - [0.0, 1.0747421229740519e-11, 9.503062139289802e-12, 0.011933408486528187]
      - [0.0, 0.0, 0.0, 0.0]
      excluded_surface_ids: []
      overlap: [0, 1, 2, 3, 4, 5, 6, 7, 8, 9, 10, 11, 12, 13, 14, 15, 16, 17, 18,
        19, 20, 21, 22, 23, 24, 25, 26, 27, 28, 29, 30, 31]
      radius: 0.11587001081708984
    excluded_propagators:
    - [6, 0]
  - deformation_per_overlap:
    - deformation_sources:
      - [0.0, 2.2577424647433456e-18, -1.5490704417081169e-18, -0.02735067773961857]
      - [0.0, 0.0, 0.0, 0.0]
      - [0.0, 9.715891158223557e-10, 3.8178285709853e-09, -1.7071159105807385e-09]
      - [0.0, 2.271666467109024e-09, 1.0354354889002738e-08, -4.335965953240537e-09]
      excluded_surface_ids: []
      overlap: [0, 1, 2, 3, 4, 5, 6, 7, 8, 9, 10, 11, 12, 13, 14, 15, 16, 17, 18,
        19, 20, 21, 22, 23, 24, 25, 26, 27, 28, 29, 30, 31]
      radius: 0.10393659196076636
    excluded_propagators:
    - [2, 1]
  - deformation_per_overlap:
    - deformation_sources:
      - [0.0, 0.0, 0.0, 0.0]
      - [0.0, 9.36096749826826e-13, 3.942589384003315e-12, -1.7460745213385933e-12]
      - [0.0, 2.4271816497901905e-12, 1.047500173182511e-11, -4.7257700496447215e-12]
      - [0.0, 4.6516030444332944e-12, 2.2433375732129095e-11, -9.867848666224703e-12]
      excluded_surface_ids: []
      overlap: [0, 1, 2, 3, 4, 5, 6, 7, 8, 9, 10, 11, 12, 13, 14, 15, 16, 17, 18,
        19, 20, 21, 22, 23, 24, 25, 26, 27, 28, 29, 30, 31]
      radius: 0.10393660256585974
    excluded_propagators:
    - [0, 2]
  - deformation_per_overlap:
    - deformation_sources:
      - [0.0, 0.0, 0.0, 0.0]
      - [0.0, 0.0, 0.0, 0.0]
      - [0.0, 1.0036494839449669e-13, 3.1950741033113197e-13, -2.15538186745466e-13]
      - [0.0, 2.080640024510503e-13, 5.458071405005022e-13, -4.0524249569759284e-13]
      excluded_surface_ids: []
      overlap: [0, 1, 2, 3, 4, 5, 6, 7, 8, 9, 10, 11, 12, 13, 14, 15, 16, 17, 18,
        19, 20, 21, 22, 23, 24, 25, 26, 27, 28, 29, 30, 31]
      radius: 0.10393660259485163
    excluded_propagators:
    - [0, 2]
    - [2, 0]
  - deformation_per_overlap:
    - deformation_sources:
      - [0.0, -0.0016565041036958779, -0.006496139556904393, -0.041735609769212076]
      - [0.0, 0.0017381304343205312, 0.006816245203907998, 0.028131766563781253]
      - [0.0, 0.0017381304343205312, 0.006816245203907998, 0.028131766563781253]
      - [0.0, 0.000869813891783233, 0.0034567296113262886, 0.014906849450660186]
      excluded_surface_ids: []
      overlap: [0, 1, 2, 3, 4, 5, 6, 7, 8, 9, 10, 11, 12, 13, 14, 15, 16, 17, 18,
        19, 20, 21, 22, 23, 24, 25, 26, 27, 28, 29, 30, 31]
      radius: 0.11710151527383823
    excluded_propagators:
    - [3, 0]
  - deformation_per_overlap:
    - deformation_sources:
      - [0.0, 0.0, 0.0, 0.0]
      - [0.0, 0.0, 0.0, 0.0]
      - [0.0, 1.0036494839449669e-13, 3.1950741033113197e-13, -2.15538186745466e-13]
      - [0.0, 2.080640024510503e-13, 5.458071405005022e-13, -4.0524249569759284e-13]
      excluded_surface_ids: []
      overlap: [0, 1, 2, 3, 4, 5, 6, 7, 8, 9, 10, 11, 12, 13, 14, 15, 16, 17, 18,
        19, 20, 21, 22, 23, 24, 25, 26, 27, 28, 29, 30, 31]
      radius: 0.10393660259485163
    excluded_propagators:
    - [0, 2]
    - [2, 1]
  - deformation_per_overlap:
    - deformation_sources:
      - [0.0, -0.0014603122592399412, 0.0006756411577989226, -0.05285649316842489]
      - [0.0, 0.0014603122592399412, -0.0006756411577989226, 0.05285649316842489]
      - [0.0, 0.000975563053386048, -0.00045067645217513604, 0.03613949542464261]
      - [0.0, 0.0004877445999115254, -0.00022495988241304273, 0.01671695863218546]
      excluded_surface_ids: []
      overlap: [0, 1, 2, 3, 4, 5, 6, 7, 8, 9, 10, 11, 12, 13, 14, 15, 16, 17, 18,
        19, 20, 21, 22, 23, 24, 25, 26, 27, 28, 29, 30, 31]
      radius: 0.12064779563433832
    excluded_propagators:
    - [1, 0]
  - deformation_per_overlap:
    - deformation_sources:
      - [0.0, -1.737943023782247e-07, -7.745322262368965e-07, -0.0335183044069812]
      - [0.0, 8.694041538526341e-08, 3.8741449972920655e-07, 0.016759841323247277]
      - [0.0, 7.652081626126689e-11, 3.0441219869206854e-10, 1.0964055013483565e-10]
      - [0.0, 7.652081626126689e-11, 3.0441219869206854e-10, 1.0964055013483565e-10]
      excluded_surface_ids: []
      overlap: [0, 1, 2, 3, 4, 5, 6, 7, 8, 9, 10, 11, 12, 13, 14, 15, 16, 17, 18,
        19, 20, 21, 22, 23, 24, 25, 26, 27, 28, 29, 30, 31]
      radius: 0.1195265493559671
    excluded_propagators:
    - [5, 0]
  - deformation_per_overlap:
    - deformation_sources:
      - [0.0, 0.0, 0.0, -2.30137580666628]
      - [0.0, 0.0037961158176872084, -0.002063070933877048, 0.05249759883860781]
      - [0.0, 0.0037961158176872084, -0.002063070933877048, 0.05249759883860781]
      - [0.0, 0.0018996766569882033, -0.0010272270385005772, 0.02355209609754191]
      excluded_surface_ids:
      - - - [0, 2]
          - 1
          - -1
        - - [1, 0]
          - 1
          - 1
        - - [3, 0]
          - 1
          - -1
        - - [5, 0]
          - 1
          - -1
        - - [6, 1]
          - 1
          - -1
      - - - [0, 0]
          - 1
          - 1
        - - [1, 0]
          - 1
          - -1
        - - [3, 0]
          - 1
          - 1
        - - [5, 0]
          - 1
          - 1
        - - [6, 1]
          - 1
          - 1
      overlap: [0, 1, 2, 3, 4, 5, 6, 7, 8, 9, 10, 11, 12, 13, 14, 15, 16, 17, 18,
        19, 20, 21, 22, 23, 24, 25, 26, 27, 28, 29]
      radius: 0.12746794114303472
    excluded_propagators:
    - [0, 1]
    - [3, 0]
  - deformation_per_overlap:
    - deformation_sources:
      - [0.0, 0.0, 0.0, 0.0]
      - [0.0, -9.592060448345733e-15, -2.339651634344746e-13, -3.602793724485544e-16]
      - [0.0, -9.592060448345733e-15, -2.339651634344746e-13, -3.602793724485544e-16]
      - [0.0, 4.410087723751645e-13, -2.09476438126246e-12, -4.707607610593884e-13]
      excluded_surface_ids: []
      overlap: [0, 1, 2, 3, 4, 5, 6, 7, 8, 9, 10, 11, 12, 13, 14, 15, 16, 17, 18,
        19, 20, 21, 22, 23, 24, 25, 26, 27, 28, 29, 30, 31]
      radius: 0.10393660259650926
    excluded_propagators:
    - [0, 2]
    - [3, 0]
  - deformation_per_overlap:
    - deformation_sources:
      - [0.0, 0.0, 0.0, 0.0]
      - [0.0, -9.592060448345733e-15, -2.339651634344746e-13, -3.602793724485544e-16]
      - [0.0, -9.592060448345733e-15, -2.339651634344746e-13, -3.602793724485544e-16]
      - [0.0, 4.410087723751645e-13, -2.09476438126246e-12, -4.707607610593884e-13]
      excluded_surface_ids: []
      overlap: [0, 1, 2, 3, 4, 5, 6, 7, 8, 9, 10, 11, 12, 13, 14, 15, 16, 17, 18,
        19, 20, 21, 22, 23, 24, 25, 26, 27, 28, 29, 30, 31]
      radius: 0.10393660259650926
    excluded_propagators:
    - [0, 0]
    - [3, 0]
  - deformation_per_overlap:
    - deformation_sources:
      - [0.0, 0.0, 0.0, 0.0]
      - [0.0, -1.2023155539272255e-15, 6.210892776304104e-15, -4.1585493150010156e-17]
      - [0.0, 0.0, 0.0, 0.0]
      - [0.0, 4.2588546350065344e-13, 1.9418908864942223e-12, -8.34771191369694e-13]
      excluded_surface_ids: []
      overlap: [0, 1, 2, 3, 4, 5, 6, 7, 8, 9, 10, 11, 12, 13, 14, 15, 16, 17, 18,
        19, 20, 21, 22, 23, 24, 25, 26, 27, 28, 29, 30, 31]
      radius: 0.10393660259335095
    excluded_propagators:
    - [0, 0]
    - [4, 0]
  - deformation_per_overlap:
    - deformation_sources:
      - [0.0, 0.0, 0.0, -2.30137580666628]
      - [0.0, -2.1151193951685552e-18, -3.2148597149554037e-18, 0.038418503867699]
      - [0.0, 0.0, 0.0, 0.0]
      - [0.0, 2.9915742508618135e-12, 2.704955029708753e-10, -1.937723251970291e-12]
      excluded_surface_ids:
      - - - [0, 2]
          - 1
          - -1
        - - [1, 0]
          - 1
          - 1
        - - [3, 0]
          - 1
          - -1
        - - [5, 0]
          - 1
          - -1
        - - [6, 1]
          - 1
          - -1
      - - - [0, 0]
          - 1
          - 1
        - - [1, 0]
          - 1
          - -1
        - - [3, 0]
          - 1
          - 1
        - - [5, 0]
          - 1
          - 1
        - - [6, 1]
          - 1
          - 1
      overlap: [0, 1, 2, 3, 4, 5, 6, 7, 8, 9, 10, 11, 12, 13, 14, 15, 16, 17, 18,
        19, 20, 21, 22, 23, 24, 25, 26, 27, 28, 29]
      radius: 0.10393660267226662
    excluded_propagators:
    - [0, 1]
    - [4, 1]
  - deformation_per_overlap:
    - deformation_sources:
      - [0.0, 0.0, 0.0, -2.30137580666628]
      - [0.0, -2.1151193951685552e-18, -3.2148597149554037e-18, 0.038418503867699]
      - [0.0, 0.0, 0.0, 0.0]
      - [0.0, 2.9915742508618135e-12, 2.704955029708753e-10, -1.937723251970291e-12]
      excluded_surface_ids:
      - - - [0, 2]
          - 1
          - -1
        - - [1, 0]
          - 1
          - 1
        - - [3, 0]
          - 1
          - -1
        - - [5, 0]
          - 1
          - -1
        - - [6, 1]
          - 1
          - -1
      - - - [0, 0]
          - 1
          - 1
        - - [1, 0]
          - 1
          - -1
        - - [3, 0]
          - 1
          - 1
        - - [5, 0]
          - 1
          - 1
        - - [6, 1]
          - 1
          - 1
      overlap: [0, 1, 2, 3, 4, 5, 6, 7, 8, 9, 10, 11, 12, 13, 14, 15, 16, 17, 18,
        19, 20, 21, 22, 23, 24, 25, 26, 27, 28, 29]
      radius: 0.10393660267226662
    excluded_propagators:
    - [0, 1]
    - [4, 0]
  - deformation_per_overlap:
    - deformation_sources:
      - [0.0, -0.000781705277212444, -0.003079833892786368, -0.04263648459371542]
      - [0.0, 0.0005864738690117828, 0.002317419974057413, 0.032462062737953004]
      - [0.0, 0.00039108617815440726, 0.0015497323974043775, 0.021317545704191372]
      - [0.0, 0.00019562226928611265, 0.0007776051859961945, 0.011143551879309216]
      excluded_surface_ids: []
      overlap: [0, 1, 2, 3, 4, 5, 6, 7, 8, 9, 10, 11, 12, 13, 14, 15, 16, 17, 18,
        19, 20, 21, 22, 23, 24, 25, 26, 27, 28, 29, 30, 31]
      radius: 0.11406445141572516
    excluded_propagators: []
  - deformation_per_overlap:
    - deformation_sources:
      - [0.0, 0.0, 0.0, 0.0]
      - [0.0, -1.2023155539272255e-15, 6.210892776304104e-15, -4.1585493150010156e-17]
      - [0.0, 0.0, 0.0, 0.0]
      - [0.0, 4.2588546350065344e-13, 1.9418908864942223e-12, -8.34771191369694e-13]
      excluded_surface_ids: []
      overlap: [0, 1, 2, 3, 4, 5, 6, 7, 8, 9, 10, 11, 12, 13, 14, 15, 16, 17, 18,
        19, 20, 21, 22, 23, 24, 25, 26, 27, 28, 29, 30, 31]
      radius: 0.10393660259335095
    excluded_propagators:
    - [0, 0]
    - [4, 1]
  - deformation_per_overlap:
    - deformation_sources:
      - [0.0, 0.0, 0.0, 0.0]
      - [0.0, -1.2023155539272255e-15, 6.210892776304104e-15, -4.1585493150010156e-17]
      - [0.0, 0.0, 0.0, 0.0]
      - [0.0, 4.2588546350065344e-13, 1.9418908864942223e-12, -8.34771191369694e-13]
      excluded_surface_ids: []
      overlap: [0, 1, 2, 3, 4, 5, 6, 7, 8, 9, 10, 11, 12, 13, 14, 15, 16, 17, 18,
        19, 20, 21, 22, 23, 24, 25, 26, 27, 28, 29, 30, 31]
      radius: 0.10393660259335095
    excluded_propagators:
    - [0, 2]
    - [4, 0]
  - deformation_per_overlap:
    - deformation_sources:
      - [0.0, 0.0, 0.0, 0.0]
      - [0.0, 5.911421546840949e-13, 2.1531962743917036e-12, -1.1313838629300495e-12]
      - [0.0, 1.619476562749113e-12, 7.141058426893032e-12, -2.632318965157279e-12]
      - [0.0, 0.487890866972676, 1.95654973685581, -0.877716295210478]
      excluded_surface_ids:
      - - - [0, 1]
          - 1
          - 1
        - - [1, 0]
          - 1
          - -1
        - - [3, 0]
          - 1
          - 1
        - - [5, 0]
          - 1
          - 1
        - - [6, 2]
          - 1
          - 1
      - - - [0, 1]
          - 1
          - -1
        - - [1, 0]
          - 1
          - 1
        - - [3, 0]
          - 1
          - -1
        - - [5, 0]
          - 1
          - -1
        - - [6, 0]
          - 1
          - -1
      overlap: [0, 1, 2, 3, 4, 5, 6, 7, 8, 9, 10, 11, 12, 13, 14, 15, 16, 17, 18,
        19, 20, 21, 22, 23, 24, 25, 26, 27, 28, 29]
      radius: 0.10393660259022278
    excluded_propagators:
    - [0, 0]
    - [6, 1]
  - deformation_per_overlap:
    - deformation_sources:
      - [0.0, 0.0, 0.0, 0.0]
      - [0.0, -1.2023155539272255e-15, 6.210892776304104e-15, -4.1585493150010156e-17]
      - [0.0, 0.0, 0.0, 0.0]
      - [0.0, 4.2588546350065344e-13, 1.9418908864942223e-12, -8.34771191369694e-13]
      excluded_surface_ids: []
      overlap: [0, 1, 2, 3, 4, 5, 6, 7, 8, 9, 10, 11, 12, 13, 14, 15, 16, 17, 18,
        19, 20, 21, 22, 23, 24, 25, 26, 27, 28, 29, 30, 31]
      radius: 0.10393660259335095
    excluded_propagators:
    - [0, 2]
    - [4, 1]
  - deformation_per_overlap:
    - deformation_sources:
      - [0.0, 0.0, 0.0, 0.0]
      - [0.0, 7.466148543739126e-18, -2.0039700719218106e-16, 2.2523135058734974e-17]
      - [0.0, -1.9601209378584044e-16, 1.5345588443750392e-16, 1.3232195681160461e-16]
      - [0.0, 0.0, 0.0, 0.0]
      excluded_surface_ids: []
      overlap: [0, 1, 2, 3, 4, 5, 6, 7, 8, 9, 10, 11, 12, 13, 14, 15, 16, 17, 18,
        19, 20, 21, 22, 23, 24, 25, 26, 27, 28, 29, 30, 31]
      radius: 0.10393660258303326
    excluded_propagators:
    - [0, 0]
    - [6, 0]
  - deformation_per_overlap:
    - deformation_sources:
      - [0.0, 0.0, 0.0, -2.30137580666628]
      - [0.0, 0.007568966086113549, 0.025232600090624176, 0.04185142275204801]
      - [0.0, 0.0037861508766943238, 0.013190998314682359, 0.020906860515192784]
      - [0.0, 0.487890866972676, 1.95654973685581, -0.877716295210478]
      excluded_surface_ids:
      - - - [0, 0]
          - 1
          - 1
        - - [1, 0]
          - 1
          - -1
        - - [3, 0]
          - 1
          - 1
        - - [5, 0]
          - 1
          - 1
        - - [6, 1]
          - 1
          - 1
      - - - [0, 2]
          - 1
          - -1
        - - [1, 0]
          - 1
          - 1
        - - [3, 0]
          - 1
          - -1
        - - [5, 0]
          - 1
          - -1
        - - [6, 0]
          - 1
          - -1
      - - - [0, 1]
          - 1
          - -1
        - - [1, 0]
          - 1
          - 1
        - - [3, 0]
          - 1
          - -1
        - - [5, 0]
          - 1
          - -1
        - - [6, 0]
          - 1
          - -1
      - - - [0, 2]
          - 1
          - -1
        - - [1, 0]
          - 1
          - 1
        - - [3, 0]
          - 1
          - -1
        - - [5, 0]
          - 1
          - -1
        - - [6, 1]
          - 1
          - -1
      - - - [0, 0]
          - 1
          - 1
        - - [1, 0]
          - 1
          - -1
        - - [3, 0]
          - 1
          - 1
        - - [5, 0]
          - 1
          - 1
        - - [6, 2]
          - 1
          - 1
      - - - [0, 1]
          - 1
          - 1
        - - [1, 0]
          - 1
          - -1
        - - [3, 0]
          - 1
          - 1
        - - [5, 0]
          - 1
          - 1
        - - [6, 2]
          - 1
          - 1
      overlap: [0, 1, 2, 3, 4, 5, 6, 7, 8, 9, 10, 11, 12, 13, 14, 15, 16, 17, 18,
        19, 20, 21, 22, 23, 24, 25]
      radius: 0.12236623457380358
    excluded_propagators:
    - [0, 1]
    - [6, 1]
  - deformation_per_overlap:
    - deformation_sources:
      - [0.0, 0.0, 0.0, 0.0]
      - [0.0, 7.466148543739126e-18, -2.0039700719218106e-16, 2.2523135058734974e-17]
      - [0.0, -1.9601209378584044e-16, 1.5345588443750392e-16, 1.3232195681160461e-16]
      - [0.0, 0.0, 0.0, 0.0]
      excluded_surface_ids: []
      overlap: [0, 1, 2, 3, 4, 5, 6, 7, 8, 9, 10, 11, 12, 13, 14, 15, 16, 17, 18,
        19, 20, 21, 22, 23, 24, 25, 26, 27, 28, 29, 30, 31]
      radius: 0.10393660258303326
    excluded_propagators:
    - [0, 0]
    - [6, 2]
  - deformation_per_overlap:
    - deformation_sources:
      - [0.0, 0.0, 0.0, -2.30137580666628]
      - [0.0, 7.776632520247318e-08, 3.1186016984739285e-07, 0.024554312050457067]
      - [0.0, 1.371050423740574e-07, 5.498217078439065e-07, -2.466376977823048e-07]
      - [0.0, 1.371050423740574e-07, 5.498217078439065e-07, -2.466376977823048e-07]
      excluded_surface_ids:
      - - - [0, 2]
          - 1
          - -1
        - - [1, 0]
          - 1
          - 1
        - - [3, 0]
          - 1
          - -1
        - - [5, 0]
          - 1
          - -1
        - - [6, 1]
          - 1
          - -1
      - - - [0, 0]
          - 1
          - 1
        - - [1, 0]
          - 1
          - -1
        - - [3, 0]
          - 1
          - 1
        - - [5, 0]
          - 1
          - 1
        - - [6, 1]
          - 1
          - 1
      overlap: [0, 1, 2, 3, 4, 5, 6, 7, 8, 9, 10, 11, 12, 13, 14, 15, 16, 17, 18,
        19, 20, 21, 22, 23, 24, 25, 26, 27, 28, 29]
      radius: 0.1284907282611988
    excluded_propagators:
    - [0, 1]
    - [5, 0]
  - deformation_per_overlap:
    - deformation_sources:
      - [0.0, 0.0, 0.0, -2.30137580666628]
      - [0.0, 2.3344320877872205e-11, 9.095147703418799e-12, 0.0335183041400949]
      - [0.0, -3.843626336916499e-13, -9.016622459448804e-13, 0.016759317426995258]
      - [0.0, 0.0, 0.0, 0.0]
      excluded_surface_ids:
      - - - [0, 2]
          - 1
          - -1
        - - [1, 0]
          - 1
          - 1
        - - [3, 0]
          - 1
          - -1
        - - [5, 0]
          - 1
          - -1
        - - [6, 1]
          - 1
          - -1
      - - - [0, 0]
          - 1
          - 1
        - - [1, 0]
          - 1
          - -1
        - - [3, 0]
          - 1
          - 1
        - - [5, 0]
          - 1
          - 1
        - - [6, 1]
          - 1
          - 1
      overlap: [0, 1, 2, 3, 4, 5, 6, 7, 8, 9, 10, 11, 12, 13, 14, 15, 16, 17, 18,
        19, 20, 21, 22, 23, 24, 25, 26, 27, 28, 29]
      radius: 0.1195265494239807
    excluded_propagators:
    - [0, 1]
    - [6, 0]
  - deformation_per_overlap:
    - deformation_sources:
      - [0.0, 0.0, 0.0, -2.30137580666628]
      - [0.0, 2.3344320877872205e-11, 9.095147703418799e-12, 0.0335183041400949]
      - [0.0, -3.843626336916499e-13, -9.016622459448804e-13, 0.016759317426995258]
      - [0.0, 0.0, 0.0, 0.0]
      excluded_surface_ids:
      - - - [0, 2]
          - 1
          - -1
        - - [1, 0]
          - 1
          - 1
        - - [3, 0]
          - 1
          - -1
        - - [5, 0]
          - 1
          - -1
        - - [6, 1]
          - 1
          - -1
      - - - [0, 0]
          - 1
          - 1
        - - [1, 0]
          - 1
          - -1
        - - [3, 0]
          - 1
          - 1
        - - [5, 0]
          - 1
          - 1
        - - [6, 1]
          - 1
          - 1
      overlap: [0, 1, 2, 3, 4, 5, 6, 7, 8, 9, 10, 11, 12, 13, 14, 15, 16, 17, 18,
        19, 20, 21, 22, 23, 24, 25, 26, 27, 28, 29]
      radius: 0.1195265494239807
    excluded_propagators:
    - [0, 1]
    - [6, 2]
  - deformation_per_overlap:
    - deformation_sources:
      - [0.0, 0.0, 0.0, 0.0]
      - [0.0, 1.315369557652318e-13, 6.345759512222447e-13, -1.692961861425919e-13]
      - [0.0, 8.522758850532626e-14, 3.3682169553096675e-13, 2.866235356294179e-15]
      - [0.0, 8.522758850532626e-14, 3.3682169553096675e-13, 2.866235356294179e-15]
      excluded_surface_ids: []
      overlap: [0, 1, 2, 3, 4, 5, 6, 7, 8, 9, 10, 11, 12, 13, 14, 15, 16, 17, 18,
        19, 20, 21, 22, 23, 24, 25, 26, 27, 28, 29, 30, 31]
      radius: 0.10393660259384459
    excluded_propagators:
    - [0, 2]
    - [5, 0]
  - deformation_per_overlap:
    - deformation_sources:
      - [0.0, 0.0, 0.0, 0.0]
      - [0.0, 1.315369557652318e-13, 6.345759512222447e-13, -1.692961861425919e-13]
      - [0.0, 8.522758850532626e-14, 3.3682169553096675e-13, 2.866235356294179e-15]
      - [0.0, 8.522758850532626e-14, 3.3682169553096675e-13, 2.866235356294179e-15]
      excluded_surface_ids: []
      overlap: [0, 1, 2, 3, 4, 5, 6, 7, 8, 9, 10, 11, 12, 13, 14, 15, 16, 17, 18,
        19, 20, 21, 22, 23, 24, 25, 26, 27, 28, 29, 30, 31]
      radius: 0.10393660259384459
    excluded_propagators:
    - [0, 0]
    - [5, 0]
  - deformation_per_overlap:
    - deformation_sources:
      - [0.0, 0.0, 0.0, 0.0]
      - [0.0, 5.911421546840949e-13, 2.1531962743917036e-12, -1.1313838629300495e-12]
      - [0.0, 1.619476562749113e-12, 7.141058426893032e-12, -2.632318965157279e-12]
      - [0.0, 0.487890866972676, 1.95654973685581, -0.877716295210478]
      excluded_surface_ids:
      - - - [0, 1]
          - 1
          - 1
        - - [1, 0]
          - 1
          - -1
        - - [3, 0]
          - 1
          - 1
        - - [5, 0]
          - 1
          - 1
        - - [6, 2]
          - 1
          - 1
      - - - [0, 1]
          - 1
          - -1
        - - [1, 0]
          - 1
          - 1
        - - [3, 0]
          - 1
          - -1
        - - [5, 0]
          - 1
          - -1
        - - [6, 0]
          - 1
          - -1
      overlap: [0, 1, 2, 3, 4, 5, 6, 7, 8, 9, 10, 11, 12, 13, 14, 15, 16, 17, 18,
        19, 20, 21, 22, 23, 24, 25, 26, 27, 28, 29]
      radius: 0.10393660259022278
    excluded_propagators:
    - [0, 2]
    - [6, 1]
  - deformation_per_overlap:
    - deformation_sources:
      - [0.0, 0.0, 0.0, 0.0]
      - [0.0, 7.466148543739126e-18, -2.0039700719218106e-16, 2.2523135058734974e-17]
      - [0.0, -1.9601209378584044e-16, 1.5345588443750392e-16, 1.3232195681160461e-16]
      - [0.0, 0.0, 0.0, 0.0]
      excluded_surface_ids: []
      overlap: [0, 1, 2, 3, 4, 5, 6, 7, 8, 9, 10, 11, 12, 13, 14, 15, 16, 17, 18,
        19, 20, 21, 22, 23, 24, 25, 26, 27, 28, 29, 30, 31]
      radius: 0.10393660258303326
    excluded_propagators:
    - [0, 2]
    - [6, 0]
  - deformation_per_overlap:
    - deformation_sources:
      - [0.0, 0.0, 0.0, 0.0]
      - [0.0, 0.0, 0.0, 0.0]
      - [0.0, 1.0036494839449669e-13, 3.1950741033113197e-13, -2.15538186745466e-13]
      - [0.0, 2.080640024510503e-13, 5.458071405005022e-13, -4.0524249569759284e-13]
      excluded_surface_ids: []
      overlap: [0, 1, 2, 3, 4, 5, 6, 7, 8, 9, 10, 11, 12, 13, 14, 15, 16, 17, 18,
        19, 20, 21, 22, 23, 24, 25, 26, 27, 28, 29, 30, 31]
      radius: 0.10393660259485163
    excluded_propagators:
    - [1, 0]
    - [2, 1]
  - deformation_per_overlap:
    - deformation_sources:
      - [0.0, 0.0, 0.0, 0.0]
      - [0.0, 0.0, 0.0, 0.0]
      - [0.0, 1.0036494839449669e-13, 3.1950741033113197e-13, -2.15538186745466e-13]
      - [0.0, 2.080640024510503e-13, 5.458071405005022e-13, -4.0524249569759284e-13]
      excluded_surface_ids: []
      overlap: [0, 1, 2, 3, 4, 5, 6, 7, 8, 9, 10, 11, 12, 13, 14, 15, 16, 17, 18,
        19, 20, 21, 22, 23, 24, 25, 26, 27, 28, 29, 30, 31]
      radius: 0.10393660259485163
    excluded_propagators:
    - [1, 0]
    - [2, 0]
  - deformation_per_overlap:
    - deformation_sources:
      - [0.0, 0.0, 0.0, 0.0]
      - [0.0, 7.466148543739126e-18, -2.0039700719218106e-16, 2.2523135058734974e-17]
      - [0.0, -1.9601209378584044e-16, 1.5345588443750392e-16, 1.3232195681160461e-16]
      - [0.0, 0.0, 0.0, 0.0]
      excluded_surface_ids: []
      overlap: [0, 1, 2, 3, 4, 5, 6, 7, 8, 9, 10, 11, 12, 13, 14, 15, 16, 17, 18,
        19, 20, 21, 22, 23, 24, 25, 26, 27, 28, 29, 30, 31]
      radius: 0.10393660258303326
    excluded_propagators:
    - [0, 2]
    - [6, 2]
  - deformation_per_overlap:
    - deformation_sources:
      - [0.0, -1.9625978543757223e-19, -3.2366039534415556e-19, -0.037151092937146024]
      - [0.0, 0.0, 0.0, 0.0]
      - [0.0, 0.0, 0.0, 0.0]
      - [0.0, -3.3369031721429955e-10, 4.580414577255352e-09, -8.2565375426859e-10]
      excluded_surface_ids: []
      overlap: [0, 1, 2, 3, 4, 5, 6, 7, 8, 9, 10, 11, 12, 13, 14, 15, 16, 17, 18,
        19, 20, 21, 22, 23, 24, 25, 26, 27, 28, 29, 30, 31]
      radius: 0.1039366025774151
    excluded_propagators:
    - [2, 0]
    - [3, 0]
  - deformation_per_overlap:
    - deformation_sources:
      - [0.0, -1.9625978543757223e-19, -3.2366039534415556e-19, -0.037151092937146024]
      - [0.0, 0.0, 0.0, 0.0]
      - [0.0, 0.0, 0.0, 0.0]
      - [0.0, -3.3369031721429955e-10, 4.580414577255352e-09, -8.2565375426859e-10]
      excluded_surface_ids: []
      overlap: [0, 1, 2, 3, 4, 5, 6, 7, 8, 9, 10, 11, 12, 13, 14, 15, 16, 17, 18,
        19, 20, 21, 22, 23, 24, 25, 26, 27, 28, 29, 30, 31]
      radius: 0.1039366025774151
    excluded_propagators:
    - [2, 0]
    - [4, 0]
  - deformation_per_overlap:
    - deformation_sources:
      - [0.0, -1.9625978543757223e-19, -3.2366039534415556e-19, -0.037151092937146024]
      - [0.0, 0.0, 0.0, 0.0]
      - [0.0, 0.0, 0.0, 0.0]
      - [0.0, -3.3369031721429955e-10, 4.580414577255352e-09, -8.2565375426859e-10]
      excluded_surface_ids: []
      overlap: [0, 1, 2, 3, 4, 5, 6, 7, 8, 9, 10, 11, 12, 13, 14, 15, 16, 17, 18,
        19, 20, 21, 22, 23, 24, 25, 26, 27, 28, 29, 30, 31]
      radius: 0.1039366025774151
    excluded_propagators:
    - [2, 0]
    - [4, 1]
  - deformation_per_overlap:
    - deformation_sources:
      - [0.0, -0.003796441750932356, 0.0020623242460732615, -0.052497604588970084]
      - [0.0, 0.003796441750932356, -0.0020623242460732615, 0.052497604588970084]
      - [0.0, 0.0018998441881762792, -0.001026855163526207, 0.023552095315688776]
      - [0.0, 0.487890866972676, 1.95654973685581, -0.877716295210478]
      excluded_surface_ids:
      - - - [0, 1]
          - 1
          - 1
        - - [1, 0]
          - 1
          - -1
        - - [3, 0]
          - 1
          - 1
        - - [5, 0]
          - 1
          - 1
        - - [6, 2]
          - 1
          - 1
      - - - [0, 1]
          - 1
          - -1
        - - [1, 0]
          - 1
          - 1
        - - [3, 0]
          - 1
          - -1
        - - [5, 0]
          - 1
          - -1
        - - [6, 0]
          - 1
          - -1
      overlap: [0, 1, 2, 3, 4, 5, 6, 7, 8, 9, 10, 11, 12, 13, 14, 15, 16, 17, 18,
        19, 20, 21, 22, 23, 24, 25, 26, 27, 28, 29]
      radius: 0.12746794117914298
    excluded_propagators:
    - [1, 0]
    - [6, 1]
  - deformation_per_overlap:
    - deformation_sources:
      - [0.0, -1.9625978543757223e-19, -3.2366039534415556e-19, -0.037151092937146024]
      - [0.0, 0.0, 0.0, 0.0]
      - [0.0, 0.0, 0.0, 0.0]
      - [0.0, -3.3369031721429955e-10, 4.580414577255352e-09, -8.2565375426859e-10]
      excluded_surface_ids: []
      overlap: [0, 1, 2, 3, 4, 5, 6, 7, 8, 9, 10, 11, 12, 13, 14, 15, 16, 17, 18,
        19, 20, 21, 22, 23, 24, 25, 26, 27, 28, 29, 30, 31]
      radius: 0.1039366025774151
    excluded_propagators:
    - [2, 1]
    - [3, 0]
  - deformation_per_overlap:
    - deformation_sources:
      - [0.0, -1.9625978543757223e-19, -3.2366039534415556e-19, -0.037151092937146024]
      - [0.0, 0.0, 0.0, 0.0]
      - [0.0, 0.0, 0.0, 0.0]
      - [0.0, -3.3369031721429955e-10, 4.580414577255352e-09, -8.2565375426859e-10]
      excluded_surface_ids: []
      overlap: [0, 1, 2, 3, 4, 5, 6, 7, 8, 9, 10, 11, 12, 13, 14, 15, 16, 17, 18,
        19, 20, 21, 22, 23, 24, 25, 26, 27, 28, 29, 30, 31]
      radius: 0.1039366025774151
    excluded_propagators:
    - [2, 1]
    - [4, 1]
  - deformation_per_overlap:
    - deformation_sources:
      - [0.0, -7.441716881936312e-20, -1.2198679477457177e-19, -0.025145825346407153]
      - [0.0, 7.441716881936312e-20, 1.2198679477457177e-19, 0.025145825346407153]
      - [0.0, 0.0, 0.0, 0.0]
      - [0.0, -5.761464026307007e-11, -9.775829718373708e-10, 1.2877060112337243e-10]
      excluded_surface_ids: []
      overlap: [0, 1, 2, 3, 4, 5, 6, 7, 8, 9, 10, 11, 12, 13, 14, 15, 16, 17, 18,
        19, 20, 21, 22, 23, 24, 25, 26, 27, 28, 29, 30, 31]
      radius: 0.10393660238934829
    excluded_propagators:
    - [1, 0]
    - [4, 0]
  - deformation_per_overlap:
    - deformation_sources:
      - [0.0, -7.441716881936312e-20, -1.2198679477457177e-19, -0.025145825346407153]
      - [0.0, 7.441716881936312e-20, 1.2198679477457177e-19, 0.025145825346407153]
      - [0.0, 0.0, 0.0, 0.0]
      - [0.0, -5.761464026307007e-11, -9.775829718373708e-10, 1.2877060112337243e-10]
      excluded_surface_ids: []
      overlap: [0, 1, 2, 3, 4, 5, 6, 7, 8, 9, 10, 11, 12, 13, 14, 15, 16, 17, 18,
        19, 20, 21, 22, 23, 24, 25, 26, 27, 28, 29, 30, 31]
      radius: 0.10393660238934829
    excluded_propagators:
    - [1, 0]
    - [4, 1]
  - deformation_per_overlap:
    - deformation_sources:
      - [0.0, 7.327693464229211e-13, 7.532819877355855e-12, -0.049108251204212534]
      - [0.0, -7.327693464229211e-13, -7.532819877355855e-12, 0.049108251204212534]
