- analytical_result_imag: -1.4741193196133204e-14
  analytical_result_real: 1.1020376698775988e-14
  constant_deformation:
    alpha:
    - &id001 [0.0, 0.0, 0.0, 1.0]
    - *id001
    - *id001
    - *id001
    beta:
    - &id002 [0.0, 0.0, 0.0, 0.0]
    - *id002
    - *id002
    - *id002
  external_kinematics:
  - [6.0, 0.0, 0.0, 5.91607978309962]
  - [6.0, 0.0, 0.0, -5.91607978309962]
  - [-6.0, -1.3124738333059, -5.26330888118183, 2.36114210884473]
  - [-6.0, 1.3124738333059, 5.26330888118183, -2.36114210884473]
  fixed_deformation:
  - deformation_per_overlap:
    - deformation_sources:
      - [0.0, 0.0, 0.0, -5.91607978309962]
      - [0.0, 0.0, 0.0, 5.91607978309962]
      - [0.0, 5.6157380968563e-09, 9.248431973522071e-09, 6.544728052629026e-09]
      - [0.0, 5.605229316937094e-09, 8.994596749857029e-09, 2.401443146194698e-09]
      excluded_surface_ids:
      - - - [0, 2]
          - 1
          - -1
        - - [1, 0]
          - 1
          - 1
        - - [3, 0]
          - 1
          - -1
        - - [5, 0]
          - 1
          - -1
        - - [6, 1]
          - 1
          - -1
      - - - [2, 1]
          - 1
          - 1
        - - [3, 0]
          - 1
          - -1
        - - [5, 0]
          - 1
          - -1
        - - [6, 1]
          - 1
          - -1
      - - - [2, 0]
          - 1
          - -1
        - - [3, 0]
          - 1
          - 1
        - - [5, 0]
          - 1
          - 1
        - - [6, 1]
          - 1
          - 1
      - - - [0, 0]
          - 1
          - 1
        - - [1, 0]
          - 1
          - -1
        - - [3, 0]
          - 1
          - 1
        - - [5, 0]
          - 1
          - 1
        - - [6, 1]
          - 1
          - 1
      overlap: [0, 1, 2, 3, 4, 5, 6, 7, 8, 9, 10, 11, 12, 13, 14, 15, 16, 17, 18,
        19, 20, 21, 22, 23, 24, 25, 26, 27]
      radius: 0.04196010736661273
    excluded_propagators:
    - [0, 1]
    - [1, 0]
  - deformation_per_overlap:
    - deformation_sources:
      - [0.0, 0.0, 0.0, -5.91607978309962]
      - [0.0, 5.04590633459215e-08, 8.450578226060654e-08, 6.02866711734271e-08]
      - [0.0, 5.2599184149405024e-08, 8.19612362468157e-08, 2.3817949730088474e-08]
      - [0.0, 1.3124738333059, 5.26330888118183, -2.36114210884473]
      excluded_surface_ids:
      - - - [0, 0]
          - 1
          - 1
        - - [1, 0]
          - 1
          - -1
        - - [3, 0]
          - 1
          - 1
        - - [5, 0]
          - 1
          - 1
        - - [6, 1]
          - 1
          - 1
      - - - [0, 2]
          - 1
          - -1
        - - [1, 0]
          - 1
          - 1
        - - [3, 0]
          - 1
          - -1
        - - [5, 0]
          - 1
          - -1
        - - [6, 0]
          - 1
          - -1
      - - - [0, 1]
          - 1
          - -1
        - - [1, 0]
          - 1
          - 1
        - - [3, 0]
          - 1
          - -1
        - - [5, 0]
          - 1
          - -1
        - - [6, 0]
          - 1
          - -1
      - - - [0, 2]
          - 1
          - -1
        - - [1, 0]
          - 1
          - 1
        - - [3, 0]
          - 1
          - -1
        - - [5, 0]
          - 1
          - -1
        - - [6, 1]
          - 1
          - -1
      - - - [0, 0]
          - 1
          - 1
        - - [1, 0]
          - 1
          - -1
        - - [3, 0]
          - 1
          - 1
        - - [5, 0]
          - 1
          - 1
        - - [6, 2]
          - 1
          - 1
      - - - [0, 1]
          - 1
          - 1
        - - [1, 0]
          - 1
          - -1
        - - [3, 0]
          - 1
          - 1
        - - [5, 0]
          - 1
          - 1
        - - [6, 2]
          - 1
          - 1
      overlap: [0, 1, 2, 3, 4, 5, 6, 7, 8, 9, 10, 11, 12, 13, 14, 15, 16, 17, 18,
        19, 20, 21, 22, 23, 24, 25]
      radius: 0.04196009827737241
    excluded_propagators:
    - [0, 1]
    - [6, 1]
  - deformation_per_overlap:
    - deformation_sources:
      - [0.0, 0.0, 0.0, -5.91607978309962]
      - [0.0, -4.0680026689340664e-12, 7.184377370396177e-12, 7.295480088960486e-10]
      - [0.0, 0.0, 0.0, 0.0]
      - [0.0, 1.4887082010294788e-11, 5.988703629315791e-10, -1.7634301047259183e-10]
      excluded_surface_ids:
      - - - [0, 2]
          - 1
          - -1
        - - [1, 0]
          - 1
          - 1
        - - [3, 0]
          - 1
          - -1
        - - [5, 0]
          - 1
          - -1
        - - [6, 1]
          - 1
          - -1
      - - - [0, 0]
          - 1
          - 1
        - - [1, 0]
          - 1
          - -1
        - - [3, 0]
          - 1
          - 1
        - - [5, 0]
          - 1
          - 1
        - - [6, 1]
          - 1
          - 1
      overlap: [0, 1, 2, 3, 4, 5, 6, 7, 8, 9, 10, 11, 12, 13, 14, 15, 16, 17, 18,
        19, 20, 21, 22, 23, 24, 25, 26, 27, 28, 29]
      radius: 0.0419601078145062
    excluded_propagators:
    - [0, 1]
    - [4, 0]
  - deformation_per_overlap:
    - deformation_sources:
      - [0.0, 0.0, 0.0, 0.0]
      - [0.0, 4.5517547929465994e-11, 1.7424304466686046e-10, -7.474495821262893e-11]
      - [0.0, 1.1795408528465887e-10, 3.4355089651020424e-10, -2.0990378329080658e-10]
      - [0.0, 1.3124738333059, 5.26330888118183, -2.36114210884473]
      excluded_surface_ids:
      - - - [0, 1]
          - 1
          - 1
        - - [1, 0]
          - 1
          - -1
        - - [3, 0]
          - 1
          - 1
        - - [5, 0]
          - 1
          - 1
        - - [6, 2]
          - 1
          - 1
      - - - [0, 1]
          - 1
          - -1
        - - [1, 0]
          - 1
          - 1
        - - [3, 0]
          - 1
          - -1
        - - [5, 0]
          - 1
          - -1
        - - [6, 0]
          - 1
          - -1
      overlap: [0, 1, 2, 3, 4, 5, 6, 7, 8, 9, 10, 11, 12, 13, 14, 15, 16, 17, 18,
        19, 20, 21, 22, 23, 24, 25, 26, 27, 28, 29]
      radius: 0.041960107704740665
    excluded_propagators:
    - [0, 0]
    - [6, 1]
  - deformation_per_overlap:
    - deformation_sources:
      - [0.0, 0.0, 0.0, -5.91607978309962]
      - [0.0, 0.0, 0.0, 0.0]
      - [0.0, 2.1945500443802012e-10, 8.749359371135655e-10, -3.878935885841917e-10]
      - [0.0, 7.854776014497348e-10, 2.344286328895029e-09, -1.3189482022969736e-09]
      excluded_surface_ids:
      - - - [0, 2]
          - 1
          - -1
        - - [1, 0]
          - 1
          - 1
        - - [3, 0]
          - 1
          - -1
        - - [5, 0]
          - 1
          - -1
        - - [6, 1]
          - 1
          - -1
      - - - [0, 0]
          - 1
          - 1
        - - [1, 0]
          - 1
          - -1
        - - [3, 0]
          - 1
          - 1
        - - [5, 0]
          - 1
          - 1
        - - [6, 1]
          - 1
          - 1
      overlap: [0, 1, 2, 3, 4, 5, 6, 7, 8, 9, 10, 11, 12, 13, 14, 15, 16, 17, 18,
        19, 20, 21, 22, 23, 24, 25, 26, 27, 28, 29]
      radius: 0.041960104699970024
    excluded_propagators:
    - [0, 1]
    - [2, 1]
  - deformation_per_overlap:
    - deformation_sources:
      - [0.0, 0.0, 0.0, -5.91607978309962]
      - [0.0, 0.0, 0.0, 0.0]
      - [0.0, 2.1945500443802012e-10, 8.749359371135655e-10, -3.878935885841917e-10]
      - [0.0, 7.854776014497348e-10, 2.344286328895029e-09, -1.3189482022969736e-09]
      excluded_surface_ids:
      - - - [0, 2]
          - 1
          - -1
        - - [1, 0]
          - 1
          - 1
        - - [3, 0]
          - 1
          - -1
        - - [5, 0]
          - 1
          - -1
        - - [6, 1]
          - 1
          - -1
      - - - [0, 0]
          - 1
          - 1
        - - [1, 0]
          - 1
          - -1
        - - [3, 0]
          - 1
          - 1
        - - [5, 0]
          - 1
          - 1
        - - [6, 1]
          - 1
          - 1
      overlap: [0, 1, 2, 3, 4, 5, 6, 7, 8, 9, 10, 11, 12, 13, 14, 15, 16, 17, 18,
        19, 20, 21, 22, 23, 24, 25, 26, 27, 28, 29]
      radius: 0.041960104699970024
    excluded_propagators:
    - [0, 1]
    - [2, 0]
  - deformation_per_overlap:
    - deformation_sources:
      - [0.0, 0.0, 0.0, 0.0]
      - [0.0, 0.0, 0.0, 0.0]
      - [0.0, 4.414221752934374e-10, 1.9587426780294744e-09, -7.882603541386656e-10]
      - [0.0, 1.483735287764871e-09, 5.126577709355001e-09, -2.3450758526559796e-09]
      excluded_surface_ids: []
      overlap: [0, 1, 2, 3, 4, 5, 6, 7, 8, 9, 10, 11, 12, 13, 14, 15, 16, 17, 18,
        19, 20, 21, 22, 23, 24, 25, 26, 27, 28, 29, 30, 31]
      radius: 0.0419601014189152
    excluded_propagators:
    - [0, 0]
    - [2, 0]
  - deformation_per_overlap:
    - deformation_sources:
      - [0.0, 0.0, 0.0, -5.91607978309962]
      - [0.0, -4.0680026689340664e-12, 7.184377370396177e-12, 7.295480088960486e-10]
      - [0.0, 0.0, 0.0, 0.0]
      - [0.0, 1.4887082010294788e-11, 5.988703629315791e-10, -1.7634301047259183e-10]
      excluded_surface_ids:
      - - - [0, 2]
          - 1
          - -1
        - - [1, 0]
          - 1
          - 1
        - - [3, 0]
          - 1
          - -1
        - - [5, 0]
          - 1
          - -1
        - - [6, 1]
          - 1
          - -1
      - - - [0, 0]
          - 1
          - 1
        - - [1, 0]
          - 1
          - -1
        - - [3, 0]
          - 1
          - 1
        - - [5, 0]
          - 1
          - 1
        - - [6, 1]
          - 1
          - 1
      overlap: [0, 1, 2, 3, 4, 5, 6, 7, 8, 9, 10, 11, 12, 13, 14, 15, 16, 17, 18,
        19, 20, 21, 22, 23, 24, 25, 26, 27, 28, 29]
      radius: 0.0419601078145062
    excluded_propagators:
    - [0, 1]
    - [4, 1]
  - deformation_per_overlap:
    - deformation_sources:
      - [0.0, 0.0, 0.0, 0.0]
      - [0.0, 0.0, 0.0, 0.0]
      - [0.0, 4.414221752934374e-10, 1.9587426780294744e-09, -7.882603541386656e-10]
      - [0.0, 1.483735287764871e-09, 5.126577709355001e-09, -2.3450758526559796e-09]
      excluded_surface_ids: []
      overlap: [0, 1, 2, 3, 4, 5, 6, 7, 8, 9, 10, 11, 12, 13, 14, 15, 16, 17, 18,
        19, 20, 21, 22, 23, 24, 25, 26, 27, 28, 29, 30, 31]
      radius: 0.0419601014189152
    excluded_propagators:
    - [0, 2]
    - [1, 0]
  - deformation_per_overlap:
    - deformation_sources:
      - [0.0, 0.0, 0.0, 0.0]
      - [0.0, -1.88745339326582e-14, 8.853042285200125e-13, 8.151477924799133e-13]
      - [0.0, 0.0, 0.0, 0.0]
      - [0.0, 7.959169930391905e-12, -4.38361868622639e-11, -1.7850445549134784e-11]
      excluded_surface_ids: []
      overlap: [0, 1, 2, 3, 4, 5, 6, 7, 8, 9, 10, 11, 12, 13, 14, 15, 16, 17, 18,
        19, 20, 21, 22, 23, 24, 25, 26, 27, 28, 29, 30, 31]
      radius: 0.04196010819298584
    excluded_propagators:
    - [0, 0]
    - [4, 1]
  - deformation_per_overlap:
    - deformation_sources:
      - [0.0, 0.0, 0.0, 0.0]
      - [0.0, 7.4770882525625e-18, 2.1690858842406643e-17, -5.151518797642878e-18]
      - [0.0, -3.1243540594251314e-18, -6.56627244581743e-18, -2.3572990652861658e-18]
      - [0.0, 0.0, 0.0, 0.0]
      excluded_surface_ids: []
      overlap: [0, 1, 2, 3, 4, 5, 6, 7, 8, 9, 10, 11, 12, 13, 14, 15, 16, 17, 18,
        19, 20, 21, 22, 23, 24, 25, 26, 27, 28, 29, 30, 31]
      radius: 0.04196010843880591
    excluded_propagators:
    - [0, 2]
    - [6, 0]
  - deformation_per_overlap:
    - deformation_sources:
      - [0.0, 0.0, 0.0, 0.0]
      - [0.0, 0.0, 0.0, 0.0]
      - [0.0, 4.414221752934374e-10, 1.9587426780294744e-09, -7.882603541386656e-10]
      - [0.0, 1.483735287764871e-09, 5.126577709355001e-09, -2.3450758526559796e-09]
      excluded_surface_ids: []
      overlap: [0, 1, 2, 3, 4, 5, 6, 7, 8, 9, 10, 11, 12, 13, 14, 15, 16, 17, 18,
        19, 20, 21, 22, 23, 24, 25, 26, 27, 28, 29, 30, 31]
      radius: 0.0419601014189152
    excluded_propagators:
    - [0, 2]
    - [2, 1]
  - deformation_per_overlap:
    - deformation_sources:
      - [0.0, 0.0, 0.0, 0.0]
      - [0.0, 4.5517547929465994e-11, 1.7424304466686046e-10, -7.474495821262893e-11]
      - [0.0, 1.1795408528465887e-10, 3.4355089651020424e-10, -2.0990378329080658e-10]
      - [0.0, 1.3124738333059, 5.26330888118183, -2.36114210884473]
      excluded_surface_ids:
      - - - [0, 1]
          - 1
          - 1
        - - [1, 0]
          - 1
          - -1
        - - [3, 0]
          - 1
          - 1
        - - [5, 0]
          - 1
          - 1
        - - [6, 2]
          - 1
          - 1
      - - - [0, 1]
          - 1
          - -1
        - - [1, 0]
          - 1
          - 1
        - - [3, 0]
          - 1
          - -1
        - - [5, 0]
          - 1
          - -1
        - - [6, 0]
          - 1
          - -1
      overlap: [0, 1, 2, 3, 4, 5, 6, 7, 8, 9, 10, 11, 12, 13, 14, 15, 16, 17, 18,
        19, 20, 21, 22, 23, 24, 25, 26, 27, 28, 29]
      radius: 0.041960107704740665
    excluded_propagators:
    - [0, 2]
    - [6, 1]
  - deformation_per_overlap:
    - deformation_sources:
      - [0.0, 0.0, 0.0, 0.0]
      - [0.0, 0.0, 0.0, 0.0]
      - [0.0, 4.414221752934374e-10, 1.9587426780294744e-09, -7.882603541386656e-10]
      - [0.0, 1.483735287764871e-09, 5.126577709355001e-09, -2.3450758526559796e-09]
      excluded_surface_ids: []
      overlap: [0, 1, 2, 3, 4, 5, 6, 7, 8, 9, 10, 11, 12, 13, 14, 15, 16, 17, 18,
        19, 20, 21, 22, 23, 24, 25, 26, 27, 28, 29, 30, 31]
      radius: 0.0419601014189152
    excluded_propagators:
    - [1, 0]
    - [2, 0]
  - deformation_per_overlap:
    - deformation_sources:
      - [0.0, 0.0, 0.0, 0.0]
      - [0.0, 0.0, 0.0, 0.0]
      - [0.0, 4.414221752934374e-10, 1.9587426780294744e-09, -7.882603541386656e-10]
      - [0.0, 1.483735287764871e-09, 5.126577709355001e-09, -2.3450758526559796e-09]
      excluded_surface_ids: []
      overlap: [0, 1, 2, 3, 4, 5, 6, 7, 8, 9, 10, 11, 12, 13, 14, 15, 16, 17, 18,
        19, 20, 21, 22, 23, 24, 25, 26, 27, 28, 29, 30, 31]
      radius: 0.0419601014189152
    excluded_propagators:
    - [0, 2]
    - [2, 0]
  - deformation_per_overlap:
    - deformation_sources:
      - [0.0, 0.0, 0.0, -5.91607978309962]
      - [0.0, -8.252694924488508e-14, -1.0343379598559981e-13, 5.652283973783784e-09]
      - [0.0, 1.4174961582118648e-13, 1.7762588984321834e-13, 2.7153672170196144e-09]
      - [0.0, 0.0, 0.0, 0.0]
      excluded_surface_ids:
      - - - [0, 2]
          - 1
          - -1
        - - [1, 0]
          - 1
          - 1
        - - [3, 0]
          - 1
          - -1
        - - [5, 0]
          - 1
          - -1
        - - [6, 1]
          - 1
          - -1
      - - - [0, 0]
          - 1
          - 1
        - - [1, 0]
          - 1
          - -1
        - - [3, 0]
          - 1
          - 1
        - - [5, 0]
          - 1
          - 1
        - - [6, 1]
          - 1
          - 1
      overlap: [0, 1, 2, 3, 4, 5, 6, 7, 8, 9, 10, 11, 12, 13, 14, 15, 16, 17, 18,
        19, 20, 21, 22, 23, 24, 25, 26, 27, 28, 29]
      radius: 0.04196009836306685
    excluded_propagators:
    - [0, 1]
    - [6, 2]
  - deformation_per_overlap:
    - deformation_sources:
      - [0.0, 0.0, 0.0, 0.0]
      - [0.0, 0.0, 0.0, 0.0]
      - [0.0, 4.414221752934374e-10, 1.9587426780294744e-09, -7.882603541386656e-10]
      - [0.0, 1.483735287764871e-09, 5.126577709355001e-09, -2.3450758526559796e-09]
      excluded_surface_ids: []
      overlap: [0, 1, 2, 3, 4, 5, 6, 7, 8, 9, 10, 11, 12, 13, 14, 15, 16, 17, 18,
        19, 20, 21, 22, 23, 24, 25, 26, 27, 28, 29, 30, 31]
      radius: 0.0419601014189152
    excluded_propagators:
    - [0, 0]
    - [2, 1]
  - deformation_per_overlap:
    - deformation_sources:
      - [0.0, 0.0, 0.0, 0.0]
      - [0.0, 0.0, 0.0, 0.0]
      - [0.0, 4.414221752934374e-10, 1.9587426780294744e-09, -7.882603541386656e-10]
      - [0.0, 1.483735287764871e-09, 5.126577709355001e-09, -2.3450758526559796e-09]
      excluded_surface_ids: []
      overlap: [0, 1, 2, 3, 4, 5, 6, 7, 8, 9, 10, 11, 12, 13, 14, 15, 16, 17, 18,
        19, 20, 21, 22, 23, 24, 25, 26, 27, 28, 29, 30, 31]
      radius: 0.0419601014189152
    excluded_propagators:
    - [1, 0]
    - [2, 1]
  - deformation_per_overlap:
    - deformation_sources:
      - [0.0, 0.0, 0.0, -5.91607978309962]
      - [0.0, -8.252694924488508e-14, -1.0343379598559981e-13, 5.652283973783784e-09]
      - [0.0, 1.4174961582118648e-13, 1.7762588984321834e-13, 2.7153672170196144e-09]
      - [0.0, 0.0, 0.0, 0.0]
      excluded_surface_ids:
      - - - [0, 2]
          - 1
          - -1
        - - [1, 0]
          - 1
          - 1
        - - [3, 0]
          - 1
          - -1
        - - [5, 0]
          - 1
          - -1
        - - [6, 1]
          - 1
          - -1
      - - - [0, 0]
          - 1
          - 1
        - - [1, 0]
          - 1
          - -1
        - - [3, 0]
          - 1
          - 1
        - - [5, 0]
          - 1
          - 1
        - - [6, 1]
          - 1
          - 1
      overlap: [0, 1, 2, 3, 4, 5, 6, 7, 8, 9, 10, 11, 12, 13, 14, 15, 16, 17, 18,
        19, 20, 21, 22, 23, 24, 25, 26, 27, 28, 29]
      radius: 0.04196009836306685
    excluded_propagators:
    - [0, 1]
    - [6, 0]
  - deformation_per_overlap:
    - deformation_sources:
      - [0.0, 0.0, 0.0, 0.0]
      - [0.0, 0.0, 0.0, 0.0]
      - [0.0, 4.414221752934374e-10, 1.9587426780294744e-09, -7.882603541386656e-10]
      - [0.0, 1.483735287764871e-09, 5.126577709355001e-09, -2.3450758526559796e-09]
      excluded_surface_ids: []
      overlap: [0, 1, 2, 3, 4, 5, 6, 7, 8, 9, 10, 11, 12, 13, 14, 15, 16, 17, 18,
        19, 20, 21, 22, 23, 24, 25, 26, 27, 28, 29, 30, 31]
      radius: 0.0419601014189152
    excluded_propagators:
    - [0, 0]
    - [1, 0]
  - deformation_per_overlap:
    - deformation_sources:
      - [0.0, 0.0, 0.0, 0.0]
      - [0.0, -1.88745339326582e-14, 8.853042285200125e-13, 8.151477924799133e-13]
      - [0.0, 0.0, 0.0, 0.0]
      - [0.0, 7.959169930391905e-12, -4.38361868622639e-11, -1.7850445549134784e-11]
      excluded_surface_ids: []
      overlap: [0, 1, 2, 3, 4, 5, 6, 7, 8, 9, 10, 11, 12, 13, 14, 15, 16, 17, 18,
        19, 20, 21, 22, 23, 24, 25, 26, 27, 28, 29, 30, 31]
      radius: 0.04196010819298584
    excluded_propagators:
    - [0, 0]
    - [4, 0]
  - deformation_per_overlap:
    - deformation_sources:
      - [0.0, 0.0, 0.0, 0.0]
      - [0.0, -1.88745339326582e-14, 8.853042285200125e-13, 8.151477924799133e-13]
      - [0.0, 0.0, 0.0, 0.0]
      - [0.0, 7.959169930391905e-12, -4.38361868622639e-11, -1.7850445549134784e-11]
      excluded_surface_ids: []
      overlap: [0, 1, 2, 3, 4, 5, 6, 7, 8, 9, 10, 11, 12, 13, 14, 15, 16, 17, 18,
        19, 20, 21, 22, 23, 24, 25, 26, 27, 28, 29, 30, 31]
      radius: 0.04196010819298584
    excluded_propagators:
    - [0, 2]
    - [4, 0]
  - deformation_per_overlap:
    - deformation_sources:
      - [0.0, 0.0, 0.0, 0.0]
      - [0.0, 7.4770882525625e-18, 2.1690858842406643e-17, -5.151518797642878e-18]
      - [0.0, -3.1243540594251314e-18, -6.56627244581743e-18, -2.3572990652861658e-18]
      - [0.0, 0.0, 0.0, 0.0]
      excluded_surface_ids: []
      overlap: [0, 1, 2, 3, 4, 5, 6, 7, 8, 9, 10, 11, 12, 13, 14, 15, 16, 17, 18,
        19, 20, 21, 22, 23, 24, 25, 26, 27, 28, 29, 30, 31]
      radius: 0.04196010843880591
    excluded_propagators:
    - [0, 0]
    - [6, 2]
  - deformation_per_overlap:
    - deformation_sources:
      - [0.0, 0.0, 0.0, 0.0]
      - [0.0, -1.88745339326582e-14, 8.853042285200125e-13, 8.151477924799133e-13]
      - [0.0, 0.0, 0.0, 0.0]
      - [0.0, 7.959169930391905e-12, -4.38361868622639e-11, -1.7850445549134784e-11]
      excluded_surface_ids: []
      overlap: [0, 1, 2, 3, 4, 5, 6, 7, 8, 9, 10, 11, 12, 13, 14, 15, 16, 17, 18,
        19, 20, 21, 22, 23, 24, 25, 26, 27, 28, 29, 30, 31]
      radius: 0.04196010819298584
    excluded_propagators:
    - [0, 2]
    - [4, 1]
  - deformation_per_overlap:
    - deformation_sources:
      - [0.0, 0.0, 0.0, 0.0]
      - [0.0, 7.4770882525625e-18, 2.1690858842406643e-17, -5.151518797642878e-18]
      - [0.0, -3.1243540594251314e-18, -6.56627244581743e-18, -2.3572990652861658e-18]
      - [0.0, 0.0, 0.0, 0.0]
      excluded_surface_ids: []
      overlap: [0, 1, 2, 3, 4, 5, 6, 7, 8, 9, 10, 11, 12, 13, 14, 15, 16, 17, 18,
        19, 20, 21, 22, 23, 24, 25, 26, 27, 28, 29, 30, 31]
      radius: 0.04196010843880591
    excluded_propagators:
    - [0, 2]
    - [6, 2]
  - deformation_per_overlap:
    - deformation_sources:
      - [0.0, 0.0, 0.0, 0.0]
      - [0.0, 7.4770882525625e-18, 2.1690858842406643e-17, -5.151518797642878e-18]
      - [0.0, -3.1243540594251314e-18, -6.56627244581743e-18, -2.3572990652861658e-18]
      - [0.0, 0.0, 0.0, 0.0]
      excluded_surface_ids: []
      overlap: [0, 1, 2, 3, 4, 5, 6, 7, 8, 9, 10, 11, 12, 13, 14, 15, 16, 17, 18,
        19, 20, 21, 22, 23, 24, 25, 26, 27, 28, 29, 30, 31]
      radius: 0.04196010843880591
    excluded_propagators:
    - [0, 0]
    - [6, 0]
  - deformation_per_overlap:
    - deformation_sources:
      - [0.0, 0.0, 0.0, -5.91607978309962]
      - [0.0, 0.0002507260740938829, -0.00012693054885176306, 0.002340371338223238]
      - [0.0, 0.0002507260740938829, -0.00012693054885176306, 0.002340371338223238]
      - [0.0, 0.00021242951879648123, 2.3506251756062335e-05, 0.0010673717812391761]
      excluded_surface_ids:
      - - - [0, 2]
          - 1
          - -1
        - - [1, 0]
          - 1
          - 1
        - - [3, 0]
          - 1
          - -1
        - - [5, 0]
          - 1
          - -1
        - - [6, 1]
          - 1
          - -1
      - - - [0, 0]
          - 1
          - 1
        - - [1, 0]
          - 1
          - -1
        - - [3, 0]
          - 1
          - 1
        - - [5, 0]
          - 1
          - 1
        - - [6, 1]
          - 1
          - 1
      overlap: [0, 1, 2, 3, 4, 5, 6, 7, 8, 9, 10, 11, 12, 13, 14, 15, 16, 17, 18,
        19, 20, 21, 22, 23, 24, 25, 26, 27, 28, 29]
      radius: 0.04302705398643392
    excluded_propagators:
    - [0, 1]
    - [3, 0]
  - deformation_per_overlap:
    - deformation_sources:
      - [0.0, 0.0, 0.0, -5.91607978309962]
      - [0.0, 7.393219870255704e-06, 3.0139109079852993e-05, 1.5057549637441589e-05]
      - [0.0, 1.112201471795223e-05, 4.460187622978574e-05, -2.001651694404385e-05]
      - [0.0, 1.112201471795223e-05, 4.460187622978574e-05, -2.001651694404385e-05]
      excluded_surface_ids:
      - - - [0, 2]
          - 1
          - -1
        - - [1, 0]
          - 1
          - 1
        - - [3, 0]
          - 1
          - -1
        - - [5, 0]
          - 1
          - -1
        - - [6, 1]
          - 1
          - -1
      - - - [0, 0]
          - 1
          - 1
        - - [1, 0]
          - 1
          - -1
        - - [3, 0]
          - 1
          - 1
        - - [5, 0]
          - 1
          - 1
        - - [6, 1]
          - 1
          - 1
      overlap: [0, 1, 2, 3, 4, 5, 6, 7, 8, 9, 10, 11, 12, 13, 14, 15, 16, 17, 18,
        19, 20, 21, 22, 23, 24, 25, 26, 27, 28, 29]
      radius: 0.041960104534655096
    excluded_propagators:
    - [0, 1]
    - [5, 0]
  - deformation_per_overlap:
    - deformation_sources:
      - [0.0, 0.0, 0.0, 0.0]
      - [0.0, 4.722180126385186e-14, 9.973219864457124e-14, 7.617041075710493e-15]
      - [0.0, 4.722180126385186e-14, 9.973219864457124e-14, 7.617041075710493e-15]
      - [0.0, 7.041016857991327e-13, 1.8715142430099434e-12, 7.354901275922903e-14]
      excluded_surface_ids: []
      overlap: [0, 1, 2, 3, 4, 5, 6, 7, 8, 9, 10, 11, 12, 13, 14, 15, 16, 17, 18,
        19, 20, 21, 22, 23, 24, 25, 26, 27, 28, 29, 30, 31]
      radius: 0.04196010844723766
    excluded_propagators:
    - [0, 2]
    - [3, 0]
  - deformation_per_overlap:
    - deformation_sources:
      - [0.0, -6.141193757993184e-09, -2.1641646551682014e-08, -3.1256468222252574e-08]
      - [0.0, 8.906829646192313e-09, 3.0038970481278594e-08, 1.7153798004925276e-08]
      - [0.0, 1.1110285288201461e-08, 3.49950449683319e-08, 4.326359504715581e-09]
      - [0.0, 1.3124738333059, 5.26330888118183, -2.36114210884473]
      excluded_surface_ids:
      - - - [0, 1]
          - 1
          - 1
        - - [1, 0]
          - 1
          - -1
        - - [3, 0]
          - 1
          - 1
        - - [5, 0]
          - 1
          - 1
        - - [6, 2]
          - 1
          - 1
      - - - [0, 1]
          - 1
          - -1
        - - [1, 0]
          - 1
          - 1
        - - [3, 0]
          - 1
          - -1
        - - [5, 0]
          - 1
          - -1
        - - [6, 0]
          - 1
          - -1
      overlap: [0, 1, 2, 3, 4, 5, 6, 7, 8, 9, 10, 11, 12, 13, 14, 15, 16, 17, 18,
        19, 20, 21, 22, 23, 24, 25, 26, 27, 28, 29]
      radius: 0.04196009380406477
    excluded_propagators:
    - [6, 1]
  - deformation_per_overlap:
    - deformation_sources:
      - [0.0, -6.816947517166239e-18, 2.3627542308161073e-17, -0.0014568517194025812]
      - [0.0, 6.816947517166239e-18, -2.3627542308161073e-17, 0.0014568517194025812]
      - [0.0, 0.0, 0.0, 0.0]
      - [0.0, 3.351337431158905e-09, 4.3075172762295825e-09, -5.150177366065105e-09]
      excluded_surface_ids: []
      overlap: [0, 1, 2, 3, 4, 5, 6, 7, 8, 9, 10, 11, 12, 13, 14, 15, 16, 17, 18,
        19, 20, 21, 22, 23, 24, 25, 26, 27, 28, 29, 30, 31]
      radius: 0.04196009938141436
    excluded_propagators:
    - [1, 0]
    - [4, 0]
  - deformation_per_overlap:
    - deformation_sources:
      - [0.0, 0.0, 0.0, 0.0]
      - [0.0, 4.722180126385186e-14, 9.973219864457124e-14, 7.617041075710493e-15]
      - [0.0, 4.722180126385186e-14, 9.973219864457124e-14, 7.617041075710493e-15]
      - [0.0, 7.041016857991327e-13, 1.8715142430099434e-12, 7.354901275922903e-14]
      excluded_surface_ids: []
      overlap: [0, 1, 2, 3, 4, 5, 6, 7, 8, 9, 10, 11, 12, 13, 14, 15, 16, 17, 18,
        19, 20, 21, 22, 23, 24, 25, 26, 27, 28, 29, 30, 31]
      radius: 0.04196010844723766
    excluded_propagators:
    - [0, 0]
    - [3, 0]
  - deformation_per_overlap:
    - deformation_sources:
      - [0.0, 0.0, 0.0, 0.0]
      - [0.0, 2.8200833036703603e-09, 1.828567311167398e-08, -8.141344663790487e-09]
      - [0.0, 1.0466210165307198e-08, 4.1465077148467514e-08, -1.8634831032860005e-08]
      - [0.0, 1.0466210165307198e-08, 4.1465077148467514e-08, -1.8634831032860005e-08]
      excluded_surface_ids: []
      overlap: [0, 1, 2, 3, 4, 5, 6, 7, 8, 9, 10, 11, 12, 13, 14, 15, 16, 17, 18,
        19, 20, 21, 22, 23, 24, 25, 26, 27, 28, 29, 30, 31]
      radius: 0.04196002948006614
    excluded_propagators:
    - [0, 2]
    - [5, 0]
  - deformation_per_overlap:
    - deformation_sources:
      - [0.0, 0.0, 0.0, 0.0]
      - [0.0, 2.8200833036703603e-09, 1.828567311167398e-08, -8.141344663790487e-09]
      - [0.0, 1.0466210165307198e-08, 4.1465077148467514e-08, -1.8634831032860005e-08]
      - [0.0, 1.0466210165307198e-08, 4.1465077148467514e-08, -1.8634831032860005e-08]
      excluded_surface_ids: []
      overlap: [0, 1, 2, 3, 4, 5, 6, 7, 8, 9, 10, 11, 12, 13, 14, 15, 16, 17, 18,
        19, 20, 21, 22, 23, 24, 25, 26, 27, 28, 29, 30, 31]
      radius: 0.04196002948006614
    excluded_propagators:
    - [0, 0]
    - [5, 0]
  - deformation_per_overlap:
    - deformation_sources:
      - [0.0, 1.8620354137993564e-14, 1.4654287643916123e-13, -7.736608961565023e-09]
      - [0.0, 0.0, 0.0, 0.0]
      - [0.0, 8.151809765669484e-10, 3.0408512487367317e-09, -1.44303989856812e-09]
      - [0.0, 2.913636437093912e-09, 9.195439098533763e-09, -5.1637785099375035e-09]
      excluded_surface_ids: []
      overlap: [0, 1, 2, 3, 4, 5, 6, 7, 8, 9, 10, 11, 12, 13, 14, 15, 16, 17, 18,
        19, 20, 21, 22, 23, 24, 25, 26, 27, 28, 29, 30, 31]
      radius: 0.04196009493915875
    excluded_propagators:
    - [2, 0]
  - deformation_per_overlap:
    - deformation_sources:
      - [0.0, 2.2490808857283145e-12, -1.0121586487672705e-11, -3.1729317640705547e-09]
      - [0.0, -2.019706566245391e-12, 9.56198429642344e-13, 1.170485139606981e-09]
      - [0.0, 0.0, 0.0, 0.0]
      - [0.0, 3.7307547316798424e-10, 1.4021930688810638e-09, -6.687150961768653e-10]
      excluded_surface_ids: []
      overlap: [0, 1, 2, 3, 4, 5, 6, 7, 8, 9, 10, 11, 12, 13, 14, 15, 16, 17, 18,
        19, 20, 21, 22, 23, 24, 25, 26, 27, 28, 29, 30, 31]
      radius: 0.041960103749657335
    excluded_propagators:
    - [4, 0]
  - deformation_per_overlap:
    - deformation_sources:
      - [0.0, -0.0002505561043596355, 0.0001267968048649546, -0.002338264160788535]
      - [0.0, 0.0002505561043596355, -0.0001267968048649546, 0.002338264160788535]
      - [0.0, 0.0002505561043596355, -0.0001267968048649546, 0.002338264160788535]
      - [0.0, 0.00021134768508603203, 2.254809260557155e-05, 0.0010673559551482605]
      excluded_surface_ids: []
      overlap: [0, 1, 2, 3, 4, 5, 6, 7, 8, 9, 10, 11, 12, 13, 14, 15, 16, 17, 18,
        19, 20, 21, 22, 23, 24, 25, 26, 27, 28, 29, 30, 31]
      radius: 0.0430270572473687
    excluded_propagators:
    - [1, 0]
    - [3, 0]
  - deformation_per_overlap:
    - deformation_sources:
      - [0.0, 0.0, 0.0, -5.91607978309962]
      - [0.0, 7.855994468228839e-10, 2.9196719584680993e-09, 6.0171591493859785e-09]
      - [0.0, 1.22767580995572e-09, 4.6122866130762785e-09, 2.9456621479793514e-09]
      - [0.0, 1.6690720394643781e-09, 6.2311106666133066e-09, 5.477125706838816e-10]
      excluded_surface_ids:
      - - - [0, 2]
          - 1
          - -1
        - - [1, 0]
          - 1
          - 1
        - - [3, 0]
          - 1
          - -1
        - - [5, 0]
          - 1
          - -1
        - - [6, 1]
          - 1
          - -1
      - - - [0, 0]
          - 1
          - 1
        - - [1, 0]
          - 1
          - -1
        - - [3, 0]
          - 1
          - 1
        - - [5, 0]
          - 1
          - 1
        - - [6, 1]
          - 1
          - 1
      overlap: [0, 1, 2, 3, 4, 5, 6, 7, 8, 9, 10, 11, 12, 13, 14, 15, 16, 17, 18,
        19, 20, 21, 22, 23, 24, 25, 26, 27, 28, 29]
      radius: 0.04196010516908381
    excluded_propagators:
    - [0, 1]
  - deformation_per_overlap:
    - deformation_sources:
      - [0.0, 0.0, 0.0, 0.0]
      - [0.0, 2.7729372784034523e-11, 1.1559027275346098e-10, -5.134523314747164e-11]
      - [0.0, 9.620634792917737e-11, 3.8943812920378334e-10, -1.7207275921064656e-10]
      - [0.0, 1.6074332176592836e-10, 5.993918788036703e-10, -2.8686425345679873e-10]
      excluded_surface_ids: []
      overlap: [0, 1, 2, 3, 4, 5, 6, 7, 8, 9, 10, 11, 12, 13, 14, 15, 16, 17, 18,
        19, 20, 21, 22, 23, 24, 25, 26, 27, 28, 29, 30, 31]
      radius: 0.04196010715856253
    excluded_propagators:
    - [0, 0]
  - deformation_per_overlap:
    - deformation_sources:
      - [0.0, 0.0, 0.0, 0.0]
      - [0.0, 2.7729372784034523e-11, 1.1559027275346098e-10, -5.134523314747164e-11]
      - [0.0, 9.620634792917737e-11, 3.8943812920378334e-10, -1.7207275921064656e-10]
      - [0.0, 1.6074332176592836e-10, 5.993918788036703e-10, -2.8686425345679873e-10]
      excluded_surface_ids: []
      overlap: [0, 1, 2, 3, 4, 5, 6, 7, 8, 9, 10, 11, 12, 13, 14, 15, 16, 17, 18,
        19, 20, 21, 22, 23, 24, 25, 26, 27, 28, 29, 30, 31]
      radius: 0.04196010715856253
    excluded_propagators:
    - [0, 2]
  - deformation_per_overlap:
    - deformation_sources:
      - [0.0, 2.2490808857283145e-12, -1.0121586487672705e-11, -3.1729317640705547e-09]
      - [0.0, -2.019706566245391e-12, 9.56198429642344e-13, 1.170485139606981e-09]
      - [0.0, 0.0, 0.0, 0.0]
      - [0.0, 3.7307547316798424e-10, 1.4021930688810638e-09, -6.687150961768653e-10]
      excluded_surface_ids: []
      overlap: [0, 1, 2, 3, 4, 5, 6, 7, 8, 9, 10, 11, 12, 13, 14, 15, 16, 17, 18,
        19, 20, 21, 22, 23, 24, 25, 26, 27, 28, 29, 30, 31]
      radius: 0.041960103749657335
    excluded_propagators:
    - [4, 1]
  - deformation_per_overlap:
    - deformation_sources:
      - [0.0, 1.8620354137993564e-14, 1.4654287643916123e-13, -7.736608961565023e-09]
      - [0.0, 0.0, 0.0, 0.0]
      - [0.0, 8.151809765669484e-10, 3.0408512487367317e-09, -1.44303989856812e-09]
      - [0.0, 2.913636437093912e-09, 9.195439098533763e-09, -5.1637785099375035e-09]
      excluded_surface_ids: []
      overlap: [0, 1, 2, 3, 4, 5, 6, 7, 8, 9, 10, 11, 12, 13, 14, 15, 16, 17, 18,
        19, 20, 21, 22, 23, 24, 25, 26, 27, 28, 29, 30, 31]
      radius: 0.04196009493915875
    excluded_propagators:
    - [2, 1]
  - deformation_per_overlap:
    - deformation_sources:
      - [0.0, 6.540972766703753e-15, 6.641560863356861e-16, -5.116946789726216e-09]
      - [0.0, 2.674873778864477e-13, 2.513834984627952e-13, 1.5144027286136236e-09]
      - [0.0, -1.846401604562091e-14, -1.0960042057601029e-13, 1.75236831740726e-09]
      - [0.0, 0.0, 0.0, 0.0]
      excluded_surface_ids: []
      overlap: [0, 1, 2, 3, 4, 5, 6, 7, 8, 9, 10, 11, 12, 13, 14, 15, 16, 17, 18,
        19, 20, 21, 22, 23, 24, 25, 26, 27, 28, 29, 30, 31]
      radius: 0.04196008961891952
    excluded_propagators:
    - [6, 2]
  - deformation_per_overlap:
    - deformation_sources:
      - [0.0, 6.540972766703753e-15, 6.641560863356861e-16, -5.116946789726216e-09]
      - [0.0, 2.674873778864477e-13, 2.513834984627952e-13, 1.5144027286136236e-09]
      - [0.0, -1.846401604562091e-14, -1.0960042057601029e-13, 1.75236831740726e-09]
      - [0.0, 0.0, 0.0, 0.0]
      excluded_surface_ids: []
      overlap: [0, 1, 2, 3, 4, 5, 6, 7, 8, 9, 10, 11, 12, 13, 14, 15, 16, 17, 18,
        19, 20, 21, 22, 23, 24, 25, 26, 27, 28, 29, 30, 31]
      radius: 0.04196008961891952
    excluded_propagators:
    - [6, 0]
  - deformation_per_overlap:
    - deformation_sources:
      - [0.0, -7.500772087810587e-12, 5.803253963884509e-13, -6.117934862436909e-09]
      - [0.0, 0.0, 0.0, 0.0]
      - [0.0, 0.0, 0.0, 0.0]
      - [0.0, 1.7636296429465198e-09, 5.638482243350007e-09, -3.0790681238513286e-09]
      excluded_surface_ids: []
      overlap: [0, 1, 2, 3, 4, 5, 6, 7, 8, 9, 10, 11, 12, 13, 14, 15, 16, 17, 18,
        19, 20, 21, 22, 23, 24, 25, 26, 27, 28, 29, 30, 31]
      radius: 0.04196010100259585
    excluded_propagators:
    - [2, 0]
    - [3, 0]
  - deformation_per_overlap:
    - deformation_sources:
      - [0.0, -7.500772087810587e-12, 5.803253963884509e-13, -6.117934862436909e-09]
      - [0.0, 0.0, 0.0, 0.0]
      - [0.0, 0.0, 0.0, 0.0]
      - [0.0, 1.7636296429465198e-09, 5.638482243350007e-09, -3.0790681238513286e-09]
      excluded_surface_ids: []
      overlap: [0, 1, 2, 3, 4, 5, 6, 7, 8, 9, 10, 11, 12, 13, 14, 15, 16, 17, 18,
        19, 20, 21, 22, 23, 24, 25, 26, 27, 28, 29, 30, 31]
      radius: 0.04196010100259585
    excluded_propagators:
    - [2, 1]
    - [4, 1]
  - deformation_per_overlap:
    - deformation_sources:
      - [0.0, -7.500772087810587e-12, 5.803253963884509e-13, -6.117934862436909e-09]
      - [0.0, 0.0, 0.0, 0.0]
      - [0.0, 0.0, 0.0, 0.0]
      - [0.0, 1.7636296429465198e-09, 5.638482243350007e-09, -3.0790681238513286e-09]
      excluded_surface_ids: []
      overlap: [0, 1, 2, 3, 4, 5, 6, 7, 8, 9, 10, 11, 12, 13, 14, 15, 16, 17, 18,
        19, 20, 21, 22, 23, 24, 25, 26, 27, 28, 29, 30, 31]
      radius: 0.04196010100259585
    excluded_propagators:
    - [2, 1]
    - [3, 0]
  - deformation_per_overlap:
    - deformation_sources:
      - [0.0, 0.0, 0.0, -5.91607978309962]
      - [0.0, 0.0, 0.0, 5.91607978309962]
      - [0.0, 0.0, 0.0, 5.91607978309962]
      - [0.0, 0.00784447105136807, 0.03145781980894282, 0.020218685285374943]
      excluded_surface_ids:
      - - - [2, 1]
          - 1
          - 1
        - - [3, 0]
          - 1
          - -1
        - - [5, 0]
          - 1
          - -1
        - - [6, 1]
          - 1
          - -1
      - - - [2, 0]
          - 1
          - -1
        - - [3, 0]
          - 1
          - 1
        - - [5, 0]
          - 1
          - 1
        - - [6, 1]
          - 1
          - 1
      - - - [0, 0]
          - 1
          - 1
        - - [1, 0]
          - 1
          - -1
        - - [3, 0]
          - 1
          - 1
        - - [5, 0]
          - 1
          - 1
        - - [6, 1]
          - 1
          - 1
      - - - [4, 0]
          - 1
          - -1
        - - [5, 0]
          - 1
          - 1
        - - [6, 1]
          - 1
          - 1
      - - - [0, 2]
          - 1
          - -1
        - - [1, 0]
          - 1
          - 1
        - - [3, 0]
          - 1
          - -1
        - - [5, 0]
          - 1
          - -1
        - - [6, 1]
          - 1
          - -1
      - - - [4, 1]
          - 1
          - 1
        - - [5, 0]
          - 1
          - -1
        - - [6, 1]
          - 1
          - -1
      overlap: [0, 1, 2, 3, 4, 5, 6, 7, 8, 9, 10, 11, 12, 13, 14, 15, 16, 17, 18,
        19, 20, 21, 22, 23, 24, 25]
      radius: 0.05586536959919373
    excluded_propagators:
    - [0, 1]
    - [1, 0]
    - [3, 0]
  - deformation_per_overlap:
    - deformation_sources:
      - [0.0, -7.500772087810587e-12, 5.803253963884509e-13, -6.117934862436909e-09]
      - [0.0, 0.0, 0.0, 0.0]
      - [0.0, 0.0, 0.0, 0.0]
      - [0.0, 1.7636296429465198e-09, 5.638482243350007e-09, -3.0790681238513286e-09]
      excluded_surface_ids: []
      overlap: [0, 1, 2, 3, 4, 5, 6, 7, 8, 9, 10, 11, 12, 13, 14, 15, 16, 17, 18,
        19, 20, 21, 22, 23, 24, 25, 26, 27, 28, 29, 30, 31]
      radius: 0.04196010100259585
    excluded_propagators:
    - [2, 0]
    - [4, 1]
  - deformation_per_overlap:
    - deformation_sources:
      - [0.0, -7.500772087810587e-12, 5.803253963884509e-13, -6.117934862436909e-09]
      - [0.0, 0.0, 0.0, 0.0]
      - [0.0, 0.0, 0.0, 0.0]
      - [0.0, 1.7636296429465198e-09, 5.638482243350007e-09, -3.0790681238513286e-09]
      excluded_surface_ids: []
      overlap: [0, 1, 2, 3, 4, 5, 6, 7, 8, 9, 10, 11, 12, 13, 14, 15, 16, 17, 18,
        19, 20, 21, 22, 23, 24, 25, 26, 27, 28, 29, 30, 31]
      radius: 0.04196010100259585
    excluded_propagators:
    - [2, 1]
    - [4, 0]
  - deformation_per_overlap:
    - deformation_sources:
      - [0.0, -7.500772087810587e-12, 5.803253963884509e-13, -6.117934862436909e-09]
      - [0.0, 0.0, 0.0, 0.0]
      - [0.0, 0.0, 0.0, 0.0]
      - [0.0, 1.7636296429465198e-09, 5.638482243350007e-09, -3.0790681238513286e-09]
      excluded_surface_ids: []
      overlap: [0, 1, 2, 3, 4, 5, 6, 7, 8, 9, 10, 11, 12, 13, 14, 15, 16, 17, 18,
        19, 20, 21, 22, 23, 24, 25, 26, 27, 28, 29, 30, 31]
      radius: 0.04196010100259585
    excluded_propagators:
    - [2, 0]
    - [4, 0]
  - deformation_per_overlap:
    - deformation_sources:
      - [0.0, -0.0002507715054251417, 0.00012688640265503469, -0.002340542849871406]
      - [0.0, 0.0002507715054251417, -0.00012688640265503469, 0.002340542849871406]
      - [0.0, 0.0002125481154988335, 2.3609603628662324e-05, 0.0010673658157556306]
      - [0.0, 1.3124738333059, 5.26330888118183, -2.36114210884473]
      excluded_surface_ids:
      - - - [0, 1]
          - 1
          - 1
        - - [1, 0]
          - 1
          - -1
        - - [3, 0]
          - 1
          - 1
        - - [5, 0]
          - 1
          - 1
        - - [6, 2]
          - 1
          - 1
      - - - [0, 1]
          - 1
          - -1
        - - [1, 0]
          - 1
          - 1
        - - [3, 0]
          - 1
          - -1
        - - [5, 0]
          - 1
          - -1
        - - [6, 0]
          - 1
          - -1
      overlap: [0, 1, 2, 3, 4, 5, 6, 7, 8, 9, 10, 11, 12, 13, 14, 15, 16, 17, 18,
        19, 20, 21, 22, 23, 24, 25, 26, 27, 28, 29]
      radius: 0.043027055538473455
    excluded_propagators:
    - [1, 0]
    - [6, 1]
  - deformation_per_overlap:
    - deformation_sources:
      - [0.0, -7.500772087810587e-12, 5.803253963884509e-13, -6.117934862436909e-09]
      - [0.0, 0.0, 0.0, 0.0]
      - [0.0, 0.0, 0.0, 0.0]
      - [0.0, 1.7636296429465198e-09, 5.638482243350007e-09, -3.0790681238513286e-09]
      excluded_surface_ids: []
      overlap: [0, 1, 2, 3, 4, 5, 6, 7, 8, 9, 10, 11, 12, 13, 14, 15, 16, 17, 18,
        19, 20, 21, 22, 23, 24, 25, 26, 27, 28, 29, 30, 31]
      radius: 0.04196010100259585
