fermions:
  - mass: 173.0
    charge: 0.6666666666666666666666666667
    ncolor: 3.0
  - mass: 0.0
    charge: 0.333333333333333333333333333333333333333
    ncolor: 3.0